0	0.000000
1	0.000000
2	0.000000
3	0.000000
4	0.000000
5	0.000000
6	0.000000
7	0.000000
8	0.000000
9	0.000000
10	0.000000
11	0.000000
12	0.000000
13	0.000000
14	0.000000
15	0.000000
16	0.000000
17	0.000000
18	0.000000
19	0.000000
20	0.000000
21	0.000000
22	0.000000
23	0.000000
24	0.000000
25	0.000018
26	0.000107
27	0.000301
28	0.000623
29	0.00109
30	0.00170
31	0.00246
32	0.00337
33	0.00443
34	0.00565
35	0.00700
36	0.00850
37	0.0101
38	0.0119
39	0.0138
40	0.0158
41	0.0179
42	0.0201
43	0.0225
44	0.0249
45	0.0274
46	0.0300
47	0.0327
48	0.0355
49	0.0383
50	0.0413
51	0.0443
52	0.0473
53	0.0504
54	0.0536
55	0.0568
56	0.0601
57	0.0635
58	0.0669
59	0.0703
60	0.0737
61	0.0773
62	0.0808
63	0.0844
64	0.0880
65	0.0917
66	0.0953
67	0.0990
68	0.103
69	0.107
70	0.110
71	0.114
72	0.118
73	0.122
74	0.126
75	0.130
76	0.133
77	0.137
78	0.141
79	0.145
80	0.149
81	0.153
82	0.157
83	0.161
84	0.165
85	0.169
86	0.173
87	0.177
88	0.181
89	0.185
90	0.189
91	0.193
92	0.197
93	0.201
94	0.205
95	0.209
96	0.213
97	0.217
98	0.222
99	0.226
100	0.230
101	0.234
102	0.238
103	0.242
104	0.246
105	0.250
106	0.254
107	0.258
108	0.262
109	0.266
110	0.270
111	0.274
112	0.278
113	0.282
114	0.286
115	0.290
116	0.294
117	0.298
118	0.302
119	0.306
120	0.310
121	0.314
122	0.318
123	0.322
124	0.326
125	0.330
126	0.334
127	0.338
128	0.342
129	0.346
130	0.350
131	0.354
132	0.358
133	0.362
134	0.366
135	0.370
136	0.374
137	0.378
138	0.382
139	0.386
140	0.390
141	0.394
142	0.397
143	0.401
144	0.405
145	0.409
146	0.413
147	0.417
148	0.421
149	0.424
150	0.428
151	0.432
152	0.436
153	0.440
154	0.444
155	0.447
156	0.451
157	0.455
158	0.459
159	0.463
160	0.466
161	0.470
162	0.474
163	0.478
164	0.481
165	0.485
166	0.489
167	0.493
168	0.496
169	0.500
170	0.504
171	0.507
172	0.511
173	0.515
174	0.518
175	0.522
176	0.526
177	0.529
178	0.533
179	0.537
180	0.540
181	0.544
182	0.548
183	0.551
184	0.555
185	0.558
186	0.562
187	0.566
188	0.569
189	0.573
190	0.576
191	0.580
192	0.583
193	0.587
194	0.591
195	0.594
196	0.598
197	0.601
198	0.605
199	0.608
200	0.612
201	0.615
202	0.619
203	0.622
204	0.626
205	0.629
206	0.632
207	0.636
208	0.639
209	0.643
210	0.646
211	0.650
212	0.653
213	0.656
214	0.660
215	0.663
216	0.667
217	0.670
218	0.673
219	0.677
220	0.680
221	0.683
222	0.687
223	0.690
224	0.694
225	0.697
226	0.700
227	0.703
228	0.707
229	0.710
230	0.713
231	0.717
232	0.720
233	0.723
234	0.727
235	0.730
236	0.733
237	0.736
238	0.740
239	0.743
240	0.746
241	0.749
242	0.753
243	0.756
244	0.759
245	0.762
246	0.765
247	0.769
248	0.772
249	0.775
250	0.778
251	0.781
252	0.784
253	0.788
254	0.791
255	0.794
256	0.797
257	0.800
258	0.803
259	0.806
260	0.810
261	0.813
262	0.816
263	0.819
264	0.822
265	0.825
266	0.828
267	0.831
268	0.834
269	0.837
270	0.840
271	0.844
272	0.847
273	0.850
274	0.853
275	0.856
276	0.859
277	0.862
278	0.865
279	0.868
280	0.871
281	0.874
282	0.877
283	0.880
284	0.883
285	0.886
286	0.889
287	0.892
288	0.895
289	0.898
290	0.901
291	0.904
292	0.906
293	0.909
294	0.912
295	0.915
296	0.918
297	0.921
298	0.924
299	0.927
300	0.930
301	0.933
302	0.936
303	0.939
304	0.941
305	0.944
306	0.947
307	0.950
308	0.953
309	0.956
310	0.959
311	0.961
312	0.964
313	0.967
314	0.970
315	0.973
316	0.976
317	0.978
318	0.981
319	0.984
320	0.987
321	0.990
322	0.992
323	0.995
324	0.998
325	1.001
326	1.004
327	1.006
328	1.009
329	1.012
330	1.015
331	1.017
332	1.020
333	1.023
334	1.026
335	1.028
336	1.031
337	1.034
338	1.037
339	1.039
340	1.042
341	1.045
342	1.047
343	1.050
344	1.053
345	1.056
346	1.058
347	1.061
348	1.064
349	1.066
350	1.069
351	1.072
352	1.074
353	1.077
354	1.080
355	1.082
356	1.085
357	1.088
358	1.090
359	1.093
360	1.095
361	1.098
362	1.101
363	1.103
364	1.106
365	1.108
366	1.111
367	1.114
368	1.116
369	1.119
370	1.121
371	1.124
372	1.127
373	1.129
374	1.132
375	1.134
376	1.137
377	1.139
378	1.142
379	1.145
380	1.147
381	1.150
382	1.152
383	1.155
384	1.157
385	1.160
386	1.162
387	1.165
388	1.167
389	1.170
390	1.172
391	1.175
392	1.177
393	1.180
394	1.182
395	1.185
396	1.187
397	1.190
398	1.192
399	1.195
400	1.197
401	1.200
402	1.202
403	1.205
404	1.207
405	1.210
406	1.212
407	1.214
408	1.217
409	1.219
410	1.222
411	1.224
412	1.227
413	1.229
414	1.231
415	1.234
416	1.236
417	1.239
418	1.241
419	1.244
420	1.246
421	1.248
422	1.251
423	1.253
424	1.256
425	1.258
426	1.260
427	1.263
428	1.265
429	1.267
430	1.270
431	1.272
432	1.274
433	1.277
434	1.279
435	1.282
436	1.284
437	1.286
438	1.289
439	1.291
440	1.293
441	1.296
442	1.298
443	1.300
444	1.303
445	1.305
446	1.307
447	1.309
448	1.312
449	1.314
450	1.316
451	1.319
452	1.321
453	1.323
454	1.326
455	1.328
456	1.330
457	1.332
458	1.335
459	1.337
460	1.339
461	1.341
462	1.344
463	1.346
464	1.348
465	1.351
466	1.353
467	1.355
468	1.357
469	1.359
470	1.362
471	1.364
472	1.366
473	1.368
474	1.371
475	1.373
476	1.375
477	1.377
478	1.380
479	1.382
480	1.384
481	1.386
482	1.388
483	1.391
484	1.393
485	1.395
486	1.397
487	1.399
488	1.402
489	1.404
490	1.406
491	1.408
492	1.410
493	1.412
494	1.415
495	1.417
496	1.419
497	1.421
498	1.423
499	1.425
500	1.428
501	1.430
502	1.432
503	1.434
504	1.436
505	1.438
506	1.440
507	1.443
508	1.445
509	1.447
510	1.449
511	1.451
512	1.453
513	1.455
514	1.457
515	1.459
516	1.462
517	1.464
518	1.466
519	1.468
520	1.470
521	1.472
522	1.474
523	1.476
524	1.478
525	1.480
526	1.483
527	1.485
528	1.487
529	1.489
530	1.491
531	1.493
532	1.495
533	1.497
534	1.499
535	1.501
536	1.503
537	1.505
538	1.507
539	1.509
540	1.511
541	1.513
542	1.515
543	1.517
544	1.520
545	1.522
546	1.524
547	1.526
548	1.528
549	1.530
550	1.532
551	1.534
552	1.536
553	1.538
554	1.540
555	1.542
556	1.544
557	1.546
558	1.548
559	1.550
560	1.552
561	1.554
562	1.556
563	1.558
564	1.560
565	1.562
566	1.564
567	1.566
568	1.568
569	1.570
570	1.572
571	1.574
572	1.576
573	1.578
574	1.579
575	1.581
576	1.583
577	1.585
578	1.587
579	1.589
580	1.591
581	1.593
582	1.595
583	1.597
584	1.599
585	1.601
586	1.603
587	1.605
588	1.607
589	1.609
590	1.611
591	1.612
592	1.614
593	1.616
594	1.618
595	1.620
596	1.622
597	1.624
598	1.626
599	1.628
600	1.630
601	1.632
602	1.634
603	1.635
604	1.637
605	1.639
606	1.641
607	1.643
608	1.645
609	1.647
610	1.649
611	1.651
612	1.652
613	1.654
614	1.656
615	1.658
616	1.660
617	1.662
618	1.664
619	1.666
620	1.667
621	1.669
622	1.671
623	1.673
624	1.675
625	1.677
626	1.679
627	1.680
628	1.682
629	1.684
630	1.686
631	1.688
632	1.690
633	1.691
634	1.693
635	1.695
636	1.697
637	1.699
638	1.701
639	1.702
640	1.704
641	1.706
642	1.708
643	1.710
644	1.711
645	1.713
646	1.715
647	1.717
648	1.719
649	1.721
650	1.722
651	1.724
652	1.726
653	1.728
654	1.730
655	1.731
656	1.733
657	1.735
658	1.737
659	1.738
660	1.740
661	1.742
662	1.744
663	1.746
664	1.747
665	1.749
666	1.751
667	1.753
668	1.754
669	1.756
670	1.758
671	1.760
672	1.761
673	1.763
674	1.765
675	1.767
676	1.769
677	1.770
678	1.772
679	1.774
680	1.775
681	1.777
682	1.779
683	1.781
684	1.782
685	1.784
686	1.786
687	1.788
688	1.789
689	1.791
690	1.793
691	1.795
692	1.796
693	1.798
694	1.800
695	1.801
696	1.803
697	1.805
698	1.807
699	1.808
700	1.810
701	1.812
702	1.813
703	1.815
704	1.817
705	1.819
706	1.820
707	1.822
708	1.824
709	1.825
710	1.827
711	1.829
712	1.830
713	1.832
714	1.834
715	1.835
716	1.837
717	1.839
718	1.841
719	1.842
720	1.844
721	1.846
722	1.847
723	1.849
724	1.851
725	1.852
726	1.854
727	1.856
728	1.857
729	1.859
730	1.861
731	1.862
732	1.864
733	1.866
734	1.867
735	1.869
736	1.870
737	1.872
738	1.874
739	1.875
740	1.877
741	1.879
742	1.880
743	1.882
744	1.884
745	1.885
746	1.887
747	1.889
748	1.890
749	1.892
750	1.893
751	1.895
752	1.897
753	1.898
754	1.900
755	1.902
756	1.903
757	1.905
758	1.906
759	1.908
760	1.910
761	1.911
762	1.913
763	1.914
764	1.916
765	1.918
766	1.919
767	1.921
768	1.922
769	1.924
770	1.926
771	1.927
772	1.929
773	1.930
774	1.932
775	1.934
776	1.935
777	1.937
778	1.938
779	1.940
780	1.941
781	1.943
782	1.945
783	1.946
784	1.948
785	1.949
786	1.951
787	1.953
788	1.954
789	1.956
790	1.957
791	1.959
792	1.960
793	1.962
794	1.963
795	1.965
796	1.967
797	1.968
798	1.970
799	1.971
800	1.973
801	1.974
802	1.976
803	1.977
804	1.979
805	1.981
806	1.982
807	1.984
808	1.985
809	1.987
810	1.988
811	1.990
812	1.991
813	1.993
814	1.994
815	1.996
816	1.997
817	1.999
818	2.000
819	2.002
820	2.004
821	2.005
822	2.007
823	2.008
824	2.010
825	2.011
826	2.013
827	2.014
828	2.016
829	2.017
830	2.019
831	2.020
832	2.022
833	2.023
834	2.025
835	2.026
836	2.028
837	2.029
838	2.031
839	2.032
840	2.034
841	2.035
842	2.037
843	2.038
844	2.040
845	2.041
846	2.043
847	2.044
848	2.046
849	2.047
850	2.049
851	2.050
852	2.052
853	2.053
854	2.055
855	2.056
856	2.057
857	2.059
858	2.060
859	2.062
860	2.063
861	2.065
862	2.066
863	2.068
864	2.069
865	2.071
866	2.072
867	2.074
868	2.075
869	2.077
870	2.078
871	2.079
872	2.081
873	2.082
874	2.084
875	2.085
876	2.087
877	2.088
878	2.090
879	2.091
880	2.092
881	2.094
882	2.095
883	2.097
884	2.098
885	2.100
886	2.101
887	2.103
888	2.104
889	2.105
890	2.107
891	2.108
892	2.110
893	2.111
894	2.113
895	2.114
896	2.115
897	2.117
898	2.118
899	2.120
900	2.121
901	2.123
902	2.124
903	2.125
904	2.127
905	2.128
906	2.130
907	2.131
908	2.132
909	2.134
910	2.135
911	2.137
912	2.138
913	2.139
914	2.141
915	2.142
916	2.144
917	2.145
918	2.146
919	2.148
920	2.149
921	2.151
922	2.152
923	2.153
924	2.155
925	2.156
926	2.158
927	2.159
928	2.160
929	2.162
930	2.163
931	2.165
932	2.166
933	2.167
934	2.169
935	2.170
936	2.171
937	2.173
938	2.174
939	2.176
940	2.177
941	2.178
942	2.180
943	2.181
944	2.182
945	2.184
946	2.185
947	2.187
948	2.188
949	2.189
950	2.191
951	2.192
952	2.193
953	2.195
954	2.196
955	2.197
956	2.199
957	2.200
958	2.201
959	2.203
960	2.204
961	2.206
962	2.207
963	2.208
964	2.210
965	2.211
966	2.212
967	2.214
968	2.215
969	2.216
970	2.218
971	2.219
972	2.220
973	2.222
974	2.223
975	2.224
976	2.226
977	2.227
978	2.228
979	2.230
980	2.231
981	2.232
982	2.234
983	2.235
984	2.236
985	2.238
986	2.239
987	2.240
988	2.242
989	2.243
990	2.244
991	2.246
992	2.247
993	2.248
994	2.249
995	2.251
996	2.252
997	2.253
998	2.255
999	2.256
1000	2.257
1001	2.259
1002	2.260
1003	2.261
1004	2.263
1005	2.264
1006	2.265
1007	2.267
1008	2.268
1009	2.269
1010	2.270
1011	2.272
1012	2.273
1013	2.274
1014	2.276
1015	2.277
1016	2.278
1017	2.279
1018	2.281
1019	2.282
1020	2.283
1021	2.285
1022	2.286
1023	2.287
1024	2.288
1025	2.290
1026	2.291
1027	2.292
1028	2.294
1029	2.295
1030	2.296
1031	2.297
1032	2.299
1033	2.300
1034	2.301
1035	2.303
1036	2.304
1037	2.305
1038	2.306
1039	2.308
1040	2.309
1041	2.310
1042	2.311
1043	2.313
1044	2.314
1045	2.315
1046	2.317
1047	2.318
1048	2.319
1049	2.320
1050	2.322
1051	2.323
1052	2.324
1053	2.325
1054	2.327
1055	2.328
1056	2.329
1057	2.330
1058	2.332
1059	2.333
1060	2.334
1061	2.335
1062	2.337
1063	2.338
1064	2.339
1065	2.340
1066	2.342
1067	2.343
1068	2.344
1069	2.345
1070	2.347
1071	2.348
1072	2.349
1073	2.350
1074	2.352
1075	2.353
1076	2.354
1077	2.355
1078	2.356
1079	2.358
1080	2.359
1081	2.360
1082	2.361
1083	2.363
1084	2.364
1085	2.365
1086	2.366
1087	2.368
1088	2.369
1089	2.370
1090	2.371
1091	2.372
1092	2.374
1093	2.375
1094	2.376
1095	2.377
1096	2.378
1097	2.380
1098	2.381
1099	2.382
1100	2.383
1101	2.385
1102	2.386
1103	2.387
1104	2.388
1105	2.389
1106	2.391
1107	2.392
1108	2.393
1109	2.394
1110	2.395
1111	2.397
1112	2.398
1113	2.399
1114	2.400
1115	2.401
1116	2.403
1117	2.404
1118	2.405
1119	2.406
1120	2.407
1121	2.409
1122	2.410
1123	2.411
1124	2.412
1125	2.413
1126	2.415
1127	2.416
1128	2.417
1129	2.418
1130	2.419
1131	2.421
1132	2.422
1133	2.423
1134	2.424
1135	2.425
1136	2.426
1137	2.428
1138	2.429
1139	2.430
1140	2.431
1141	2.432
1142	2.434
1143	2.435
1144	2.436
1145	2.437
1146	2.438
1147	2.439
1148	2.441
1149	2.442
1150	2.443
1151	2.444
1152	2.445
1153	2.446
1154	2.448
1155	2.449
1156	2.450
1157	2.451
1158	2.452
1159	2.453
1160	2.455
1161	2.456
1162	2.457
1163	2.458
1164	2.459
1165	2.460
1166	2.462
1167	2.463
1168	2.464
1169	2.465
1170	2.466
1171	2.467
1172	2.469
1173	2.470
1174	2.471
1175	2.472
1176	2.473
1177	2.474
1178	2.475
1179	2.477
1180	2.478
1181	2.479
1182	2.480
1183	2.481
1184	2.482
1185	2.483
1186	2.485
1187	2.486
1188	2.487
1189	2.488
1190	2.489
1191	2.490
1192	2.491
1193	2.493
1194	2.494
1195	2.495
1196	2.496
1197	2.497
1198	2.498
1199	2.499
1200	2.501
1201	2.502
1202	2.503
1203	2.504
1204	2.505
1205	2.506
1206	2.507
1207	2.508
1208	2.510
1209	2.511
1210	2.512
1211	2.513
1212	2.514
1213	2.515
1214	2.516
1215	2.517
1216	2.519
1217	2.520
1218	2.521
1219	2.522
1220	2.523
1221	2.524
1222	2.525
1223	2.526
1224	2.527
1225	2.529
1226	2.530
1227	2.531
1228	2.532
1229	2.533
1230	2.534
1231	2.535
1232	2.536
1233	2.537
1234	2.539
1235	2.540
1236	2.541
1237	2.542
1238	2.543
1239	2.544
1240	2.545
1241	2.546
1242	2.547
1243	2.548
1244	2.550
1245	2.551
1246	2.552
1247	2.553
1248	2.554
1249	2.555
1250	2.556
1251	2.557
1252	2.558
1253	2.559
1254	2.561
1255	2.562
1256	2.563
1257	2.564
1258	2.565
1259	2.566
1260	2.567
1261	2.568
1262	2.569
1263	2.570
1264	2.571
1265	2.572
1266	2.574
1267	2.575
1268	2.576
1269	2.577
1270	2.578
1271	2.579
1272	2.580
1273	2.581
1274	2.582
1275	2.583
1276	2.584
1277	2.585
1278	2.587
1279	2.588
1280	2.589
1281	2.590
1282	2.591
1283	2.592
1284	2.593
1285	2.594
1286	2.595
1287	2.596
1288	2.597
1289	2.598
1290	2.599
1291	2.600
1292	2.601
1293	2.603
1294	2.604
1295	2.605
1296	2.606
1297	2.607
1298	2.608
1299	2.609
1300	2.610
1301	2.611
1302	2.612
1303	2.613
1304	2.614
1305	2.615
1306	2.616
1307	2.617
1308	2.618
1309	2.619
1310	2.621
1311	2.622
1312	2.623
1313	2.624
1314	2.625
1315	2.626
1316	2.627
1317	2.628
1318	2.629
1319	2.630
1320	2.631
1321	2.632
1322	2.633
1323	2.634
1324	2.635
1325	2.636
1326	2.637
1327	2.638
1328	2.639
1329	2.640
1330	2.641
1331	2.642
1332	2.644
1333	2.645
1334	2.646
1335	2.647
1336	2.648
1337	2.649
1338	2.650
1339	2.651
1340	2.652
1341	2.653
1342	2.654
1343	2.655
1344	2.656
1345	2.657
1346	2.658
1347	2.659
1348	2.660
1349	2.661
1350	2.662
1351	2.663
1352	2.664
1353	2.665
1354	2.666
1355	2.667
1356	2.668
1357	2.669
1358	2.670
1359	2.671
1360	2.672
1361	2.673
1362	2.674
1363	2.675
1364	2.676
1365	2.677
1366	2.678
1367	2.679
1368	2.680
1369	2.682
1370	2.683
1371	2.684
1372	2.685
1373	2.686
1374	2.687
1375	2.688
1376	2.689
1377	2.690
1378	2.691
1379	2.692
1380	2.693
1381	2.694
1382	2.695
1383	2.696
1384	2.697
1385	2.698
1386	2.699
1387	2.700
1388	2.701
1389	2.702
1390	2.703
1391	2.704
1392	2.705
1393	2.706
1394	2.707
1395	2.708
1396	2.709
1397	2.710
1398	2.711
1399	2.712
1400	2.713
1401	2.714
1402	2.715
1403	2.716
1404	2.717
1405	2.718
1406	2.719
1407	2.720
1408	2.721
1409	2.722
1410	2.723
1411	2.724
1412	2.725
1413	2.726
1414	2.727
1415	2.728
1416	2.729
1417	2.730
1418	2.731
1419	2.731
1420	2.732
1421	2.733
1422	2.734
1423	2.735
1424	2.736
1425	2.737
1426	2.738
1427	2.739
1428	2.740
1429	2.741
1430	2.742
1431	2.743
1432	2.744
1433	2.745
1434	2.746
1435	2.747
1436	2.748
1437	2.749
1438	2.750
1439	2.751
1440	2.752
1441	2.753
1442	2.754
1443	2.755
1444	2.756
1445	2.757
1446	2.758
1447	2.759
1448	2.760
1449	2.761
1450	2.762
1451	2.763
1452	2.764
1453	2.765
1454	2.766
1455	2.767
1456	2.768
1457	2.768
1458	2.769
1459	2.770
1460	2.771
1461	2.772
1462	2.773
1463	2.774
1464	2.775
1465	2.776
1466	2.777
1467	2.778
1468	2.779
1469	2.780
1470	2.781
1471	2.782
1472	2.783
1473	2.784
1474	2.785
1475	2.786
1476	2.787
1477	2.788
1478	2.789
1479	2.790
1480	2.790
1481	2.791
1482	2.792
1483	2.793
1484	2.794
1485	2.795
1486	2.796
1487	2.797
1488	2.798
1489	2.799
1490	2.800
1491	2.801
1492	2.802
1493	2.803
1494	2.804
1495	2.805
1496	2.806
1497	2.807
1498	2.808
1499	2.808
1500	2.809
1501	2.810
1502	2.811
1503	2.812
1504	2.813
1505	2.814
1506	2.815
1507	2.816
1508	2.817
1509	2.818
1510	2.819
1511	2.820
1512	2.821
1513	2.822
1514	2.822
1515	2.823
1516	2.824
1517	2.825
1518	2.826
1519	2.827
1520	2.828
1521	2.829
1522	2.830
1523	2.831
1524	2.832
1525	2.833
1526	2.834
1527	2.835
1528	2.835
1529	2.836
1530	2.837
1531	2.838
1532	2.839
1533	2.840
1534	2.841
1535	2.842
1536	2.843
1537	2.844
1538	2.845
1539	2.846
1540	2.847
1541	2.847
1542	2.848
1543	2.849
1544	2.850
1545	2.851
1546	2.852
1547	2.853
1548	2.854
1549	2.855
1550	2.856
1551	2.857
1552	2.858
1553	2.858
1554	2.859
1555	2.860
1556	2.861
1557	2.862
1558	2.863
1559	2.864
1560	2.865
1561	2.866
1562	2.867
1563	2.868
1564	2.868
1565	2.869
1566	2.870
1567	2.871
1568	2.872
1569	2.873
1570	2.874
1571	2.875
1572	2.876
1573	2.877
1574	2.877
1575	2.878
1576	2.879
1577	2.880
1578	2.881
1579	2.882
1580	2.883
1581	2.884
1582	2.885
1583	2.886
1584	2.886
1585	2.887
1586	2.888
1587	2.889
1588	2.890
1589	2.891
1590	2.892
1591	2.893
1592	2.894
1593	2.894
1594	2.895
1595	2.896
1596	2.897
1597	2.898
1598	2.899
1599	2.900
1600	2.901
1601	2.902
1602	2.903
1603	2.903
1604	2.904
1605	2.905
1606	2.906
1607	2.907
1608	2.908
1609	2.909
1610	2.910
1611	2.910
1612	2.911
1613	2.912
1614	2.913
1615	2.914
1616	2.915
1617	2.916
1618	2.917
1619	2.918
1620	2.918
1621	2.919
1622	2.920
1623	2.921
1624	2.922
1625	2.923
1626	2.924
1627	2.925
1628	2.925
1629	2.926
1630	2.927
1631	2.928
1632	2.929
1633	2.930
1634	2.931
1635	2.932
1636	2.932
1637	2.933
1638	2.934
1639	2.935
1640	2.936
1641	2.937
1642	2.938
1643	2.939
1644	2.939
1645	2.940
1646	2.941
1647	2.942
1648	2.943
1649	2.944
1650	2.945
1651	2.945
1652	2.946
1653	2.947
1654	2.948
1655	2.949
1656	2.950
1657	2.951
1658	2.951
1659	2.952
1660	2.953
1661	2.954
1662	2.955
1663	2.956
1664	2.957
1665	2.958
1666	2.958
1667	2.959
1668	2.960
1669	2.961
1670	2.962
1671	2.963
1672	2.963
1673	2.964
1674	2.965
1675	2.966
1676	2.967
1677	2.968
1678	2.969
1679	2.969
1680	2.970
1681	2.971
1682	2.972
1683	2.973
1684	2.974
1685	2.975
1686	2.975
1687	2.976
1688	2.977
1689	2.978
1690	2.979
1691	2.980
1692	2.981
1693	2.981
1694	2.982
1695	2.983
1696	2.984
1697	2.985
1698	2.986
1699	2.986
1700	2.987
1701	2.988
1702	2.989
1703	2.990
1704	2.991
1705	2.991
1706	2.992
1707	2.993
1708	2.994
1709	2.995
1710	2.996
1711	2.997
1712	2.997
1713	2.998
1714	2.999
1715	3.000
1716	3.001
1717	3.002
1718	3.002
1719	3.003
1720	3.004
1721	3.005
1722	3.006
1723	3.007
1724	3.007
1725	3.008
1726	3.009
1727	3.010
1728	3.011
1729	3.012
1730	3.012
1731	3.013
1732	3.014
1733	3.015
1734	3.016
1735	3.017
1736	3.017
1737	3.018
1738	3.019
1739	3.020
1740	3.021
1741	3.021
1742	3.022
1743	3.023
1744	3.024
1745	3.025
1746	3.026
1747	3.026
1748	3.027
1749	3.028
1750	3.029
1751	3.030
1752	3.031
1753	3.031
1754	3.032
1755	3.033
1756	3.034
1757	3.035
1758	3.035
1759	3.036
1760	3.037
1761	3.038
1762	3.039
1763	3.040
1764	3.040
1765	3.041
1766	3.042
1767	3.043
1768	3.044
1769	3.044
1770	3.045
1771	3.046
1772	3.047
1773	3.048
1774	3.048
1775	3.049
1776	3.050
1777	3.051
1778	3.052
1779	3.053
1780	3.053
1781	3.054
1782	3.055
1783	3.056
1784	3.057
1785	3.057
1786	3.058
1787	3.059
1788	3.060
1789	3.061
1790	3.061
1791	3.062
1792	3.063
1793	3.064
1794	3.065
1795	3.065
1796	3.066
1797	3.067
1798	3.068
1799	3.069
1800	3.069
1801	3.070
1802	3.071
1803	3.072
1804	3.073
1805	3.073
1806	3.074
1807	3.075
1808	3.076
1809	3.077
1810	3.077
1811	3.078
1812	3.079
1813	3.080
1814	3.081
1815	3.081
1816	3.082
1817	3.083
1818	3.084
1819	3.085
1820	3.085
1821	3.086
1822	3.087
1823	3.088
1824	3.089
1825	3.089
1826	3.090
1827	3.091
1828	3.092
1829	3.093
1830	3.093
1831	3.094
1832	3.095
1833	3.096
1834	3.097
1835	3.097
1836	3.098
1837	3.099
1838	3.100
1839	3.100
1840	3.101
1841	3.102
1842	3.103
1843	3.104
1844	3.104
1845	3.105
1846	3.106
1847	3.107
1848	3.108
1849	3.108
1850	3.109
1851	3.110
1852	3.111
1853	3.111
1854	3.112
1855	3.113
1856	3.114
1857	3.115
1858	3.115
1859	3.116
1860	3.117
1861	3.118
1862	3.118
1863	3.119
1864	3.120
1865	3.121
1866	3.122
1867	3.122
1868	3.123
1869	3.124
1870	3.125
1871	3.125
1872	3.126
1873	3.127
1874	3.128
1875	3.129
1876	3.129
1877	3.130
1878	3.131
1879	3.132
1880	3.132
1881	3.133
1882	3.134
1883	3.135
1884	3.135
1885	3.136
1886	3.137
1887	3.138
1888	3.139
1889	3.139
1890	3.140
1891	3.141
1892	3.142
1893	3.142
1894	3.143
1895	3.144
1896	3.145
1897	3.145
1898	3.146
1899	3.147
1900	3.148
1901	3.148
1902	3.149
1903	3.150
1904	3.151
1905	3.152
1906	3.152
1907	3.153
1908	3.154
1909	3.155
1910	3.155
1911	3.156
1912	3.157
1913	3.158
1914	3.158
1915	3.159
1916	3.160
1917	3.161
1918	3.161
1919	3.162
1920	3.163
1921	3.164
1922	3.164
1923	3.165
1924	3.166
1925	3.167
1926	3.167
1927	3.168
1928	3.169
1929	3.170
1930	3.170
1931	3.171
1932	3.172
1933	3.173
1934	3.173
1935	3.174
1936	3.175
1937	3.176
1938	3.176
1939	3.177
1940	3.178
1941	3.179
1942	3.179
1943	3.180
1944	3.181
1945	3.182
1946	3.182
1947	3.183
1948	3.184
1949	3.185
1950	3.185
1951	3.186
1952	3.187
1953	3.188
1954	3.188
1955	3.189
1956	3.190
1957	3.191
1958	3.191
1959	3.192
1960	3.193
1961	3.194
1962	3.194
1963	3.195
1964	3.196
1965	3.197
1966	3.197
1967	3.198
1968	3.199
1969	3.200
1970	3.200
1971	3.201
1972	3.202
1973	3.203
1974	3.203
1975	3.204
1976	3.205
1977	3.206
1978	3.206
1979	3.207
1980	3.208
1981	3.208
1982	3.209
1983	3.210
1984	3.211
1985	3.211
1986	3.212
1987	3.213
1988	3.214
1989	3.214
1990	3.215
1991	3.216
1992	3.217
1993	3.217
1994	3.218
1995	3.219
1996	3.219
1997	3.220
1998	3.221
1999	3.222
2000	3.222
2001	3.223
2002	3.224
2003	3.225
2004	3.225
2005	3.226
2006	3.227
2007	3.227
2008	3.228
2009	3.229
2010	3.230
2011	3.230
2012	3.231
2013	3.232
2014	3.233
2015	3.233
2016	3.234
2017	3.235
2018	3.235
2019	3.236
2020	3.237
2021	3.238
2022	3.238
2023	3.239
2024	3.240
2025	3.241
2026	3.241
2027	3.242
2028	3.243
2029	3.243
2030	3.244
2031	3.245
2032	3.246
2033	3.246
2034	3.247
2035	3.248
2036	3.248
2037	3.249
2038	3.250
2039	3.251
2040	3.251
2041	3.252
2042	3.253
2043	3.253
2044	3.254
2045	3.255
2046	3.256
2047	3.256
2048	3.257
2049	3.258
2050	3.258
2051	3.259
2052	3.260
2053	3.261
2054	3.261
2055	3.262
2056	3.263
2057	3.263
2058	3.264
2059	3.265
2060	3.266
2061	3.266
2062	3.267
2063	3.268
2064	3.268
2065	3.269
2066	3.270
2067	3.271
2068	3.271
2069	3.272
2070	3.273
2071	3.273
2072	3.274
2073	3.275
2074	3.275
2075	3.276
2076	3.277
2077	3.278
2078	3.278
2079	3.279
2080	3.280
2081	3.280
2082	3.281
2083	3.282
2084	3.283
2085	3.283
2086	3.284
2087	3.285
2088	3.285
2089	3.286
2090	3.287
2091	3.287
2092	3.288
2093	3.289
2094	3.290
2095	3.290
2096	3.291
2097	3.292
2098	3.292
2099	3.293
2100	3.294
2101	3.294
2102	3.295
2103	3.296
2104	3.297
2105	3.297
2106	3.298
2107	3.299
2108	3.299
2109	3.300
2110	3.301
2111	3.301
2112	3.302
2113	3.303
2114	3.303
2115	3.304
2116	3.305
2117	3.306
2118	3.306
2119	3.307
2120	3.308
2121	3.308
2122	3.309
2123	3.310
2124	3.310
2125	3.311
2126	3.312
2127	3.312
2128	3.313
2129	3.314
2130	3.315
2131	3.315
2132	3.316
2133	3.317
2134	3.317
2135	3.318
2136	3.319
2137	3.319
2138	3.320
2139	3.321
2140	3.321
2141	3.322
2142	3.323
2143	3.323
2144	3.324
2145	3.325
2146	3.326
2147	3.326
2148	3.327
2149	3.328
2150	3.328
2151	3.329
2152	3.330
2153	3.330
2154	3.331
2155	3.332
2156	3.332
2157	3.333
2158	3.334
2159	3.334
2160	3.335
2161	3.336
2162	3.336
2163	3.337
2164	3.338
2165	3.338
2166	3.339
2167	3.340
2168	3.340
2169	3.341
2170	3.342
2171	3.343
2172	3.343
2173	3.344
2174	3.345
2175	3.345
2176	3.346
2177	3.347
2178	3.347
2179	3.348
2180	3.349
2181	3.349
2182	3.350
2183	3.351
2184	3.351
2185	3.352
2186	3.353
2187	3.353
2188	3.354
2189	3.355
2190	3.355
2191	3.356
2192	3.357
2193	3.357
2194	3.358
2195	3.359
2196	3.359
2197	3.360
2198	3.361
2199	3.361
2200	3.362
2201	3.363
2202	3.363
2203	3.364
2204	3.365
2205	3.365
2206	3.366
2207	3.367
2208	3.367
2209	3.368
2210	3.369
2211	3.369
2212	3.370
2213	3.371
2214	3.371
2215	3.372
2216	3.373
2217	3.373
2218	3.374
2219	3.375
2220	3.375
2221	3.376
2222	3.377
2223	3.377
2224	3.378
2225	3.379
2226	3.379
2227	3.380
2228	3.381
2229	3.381
2230	3.382
2231	3.383
2232	3.383
2233	3.384
2234	3.385
2235	3.385
2236	3.386
2237	3.387
2238	3.387
2239	3.388
2240	3.389
2241	3.389
2242	3.390
2243	3.391
2244	3.391
2245	3.392
2246	3.392
2247	3.393
2248	3.394
2249	3.394
2250	3.395
2251	3.396
2252	3.396
2253	3.397
2254	3.398
2255	3.398
2256	3.399
2257	3.400
2258	3.400
2259	3.401
2260	3.402
2261	3.402
2262	3.403
2263	3.404
2264	3.404
2265	3.405
2266	3.406
2267	3.406
2268	3.407
2269	3.408
2270	3.408
2271	3.409
2272	3.409
2273	3.410
2274	3.411
2275	3.411
2276	3.412
2277	3.413
2278	3.413
2279	3.414
2280	3.415
2281	3.415
2282	3.416
2283	3.417
2284	3.417
2285	3.418
2286	3.419
2287	3.419
2288	3.420
2289	3.420
2290	3.421
2291	3.422
2292	3.422
2293	3.423
2294	3.424
2295	3.424
2296	3.425
2297	3.426
2298	3.426
2299	3.427
2300	3.428
2301	3.428
2302	3.429
2303	3.429
2304	3.430
2305	3.431
2306	3.431
2307	3.432
2308	3.433
2309	3.433
2310	3.434
2311	3.435
2312	3.435
2313	3.436
2314	3.436
2315	3.437
2316	3.438
2317	3.438
2318	3.439
2319	3.440
2320	3.440
2321	3.441
2322	3.442
2323	3.442
2324	3.443
2325	3.444
2326	3.444
2327	3.445
2328	3.445
2329	3.446
2330	3.447
2331	3.447
2332	3.448
2333	3.449
2334	3.449
2335	3.450
2336	3.450
2337	3.451
2338	3.452
2339	3.452
2340	3.453
2341	3.454
2342	3.454
2343	3.455
2344	3.456
2345	3.456
2346	3.457
2347	3.457
2348	3.458
2349	3.459
2350	3.459
2351	3.460
2352	3.461
2353	3.461
2354	3.462
2355	3.462
2356	3.463
2357	3.464
2358	3.464
2359	3.465
2360	3.466
2361	3.466
2362	3.467
2363	3.467
2364	3.468
2365	3.469
2366	3.469
2367	3.470
2368	3.471
2369	3.471
2370	3.472
2371	3.472
2372	3.473
2373	3.474
2374	3.474
2375	3.475
2376	3.476
2377	3.476
2378	3.477
2379	3.477
2380	3.478
2381	3.479
2382	3.479
2383	3.480
2384	3.481
2385	3.481
2386	3.482
2387	3.482
2388	3.483
2389	3.484
2390	3.484
2391	3.485
2392	3.486
2393	3.486
2394	3.487
2395	3.487
2396	3.488
2397	3.489
2398	3.489
2399	3.490
2400	3.490
2401	3.491
2402	3.492
2403	3.492
2404	3.493
2405	3.494
2406	3.494
2407	3.495
2408	3.495
2409	3.496
2410	3.497
2411	3.497
2412	3.498
2413	3.498
2414	3.499
2415	3.500
2416	3.500
2417	3.501
2418	3.502
2419	3.502
2420	3.503
2421	3.503
2422	3.504
2423	3.505
2424	3.505
2425	3.506
2426	3.506
2427	3.507
2428	3.508
2429	3.508
2430	3.509
2431	3.509
2432	3.510
2433	3.511
2434	3.511
2435	3.512
2436	3.513
2437	3.513
2438	3.514
2439	3.514
2440	3.515
2441	3.516
2442	3.516
2443	3.517
2444	3.517
2445	3.518
2446	3.519
2447	3.519
2448	3.520
2449	3.520
2450	3.521
2451	3.522
2452	3.522
2453	3.523
2454	3.523
2455	3.524
2456	3.525
2457	3.525
2458	3.526
2459	3.526
2460	3.527
2461	3.528
2462	3.528
2463	3.529
2464	3.529
2465	3.530
2466	3.531
2467	3.531
2468	3.532
2469	3.532
2470	3.533
2471	3.534
2472	3.534
2473	3.535
2474	3.535
2475	3.536
2476	3.537
2477	3.537
2478	3.538
2479	3.538
2480	3.539
2481	3.540
2482	3.540
2483	3.541
2484	3.541
2485	3.542
2486	3.543
2487	3.543
2488	3.544
2489	3.544
2490	3.545
2491	3.546
2492	3.546
2493	3.547
2494	3.547
2495	3.548
2496	3.549
2497	3.549
2498	3.550
2499	3.550
2500	3.551
2501	3.552
2502	3.552
2503	3.553
2504	3.553
2505	3.554
2506	3.555
2507	3.555
2508	3.556
2509	3.556
2510	3.557
2511	3.557
2512	3.558
2513	3.559
2514	3.559
2515	3.560
2516	3.560
2517	3.561
2518	3.562
2519	3.562
2520	3.563
2521	3.563
2522	3.564
2523	3.565
2524	3.565
2525	3.566
2526	3.566
2527	3.567
2528	3.567
2529	3.568
2530	3.569
2531	3.569
2532	3.570
2533	3.570
2534	3.571
2535	3.572
2536	3.572
2537	3.573
2538	3.573
2539	3.574
2540	3.575
2541	3.575
2542	3.576
2543	3.576
2544	3.577
2545	3.577
2546	3.578
2547	3.579
2548	3.579
2549	3.580
2550	3.580
2551	3.581
2552	3.582
2553	3.582
2554	3.583
2555	3.583
2556	3.584
2557	3.584
2558	3.585
2559	3.586
2560	3.586
2561	3.587
2562	3.587
2563	3.588
2564	3.588
2565	3.589
2566	3.590
2567	3.590
2568	3.591
2569	3.591
2570	3.592
2571	3.593
2572	3.593
2573	3.594
2574	3.594
2575	3.595
2576	3.595
2577	3.596
2578	3.597
2579	3.597
2580	3.598
2581	3.598
2582	3.599
2583	3.599
2584	3.600
2585	3.601
2586	3.601
2587	3.602
2588	3.602
2589	3.603
2590	3.603
2591	3.604
2592	3.605
2593	3.605
2594	3.606
2595	3.606
2596	3.607
2597	3.608
2598	3.608
2599	3.609
2600	3.609
2601	3.610
2602	3.610
2603	3.611
2604	3.612
2605	3.612
2606	3.613
2607	3.613
2608	3.614
2609	3.614
2610	3.615
2611	3.615
2612	3.616
2613	3.617
2614	3.617
2615	3.618
2616	3.618
2617	3.619
2618	3.619
2619	3.620
2620	3.621
2621	3.621
2622	3.622
2623	3.622
2624	3.623
2625	3.623
2626	3.624
2627	3.625
2628	3.625
2629	3.626
2630	3.626
2631	3.627
2632	3.627
2633	3.628
2634	3.629
2635	3.629
2636	3.630
2637	3.630
2638	3.631
2639	3.631
2640	3.632
2641	3.632
2642	3.633
2643	3.634
2644	3.634
2645	3.635
2646	3.635
2647	3.636
2648	3.636
2649	3.637
2650	3.638
2651	3.638
2652	3.639
2653	3.639
2654	3.640
2655	3.640
2656	3.641
2657	3.641
2658	3.642
2659	3.643
2660	3.643
2661	3.644
2662	3.644
2663	3.645
2664	3.645
2665	3.646
2666	3.647
2667	3.647
2668	3.648
2669	3.648
2670	3.649
2671	3.649
2672	3.650
2673	3.650
2674	3.651
2675	3.652
2676	3.652
2677	3.653
2678	3.653
2679	3.654
2680	3.654
2681	3.655
2682	3.655
2683	3.656
2684	3.657
2685	3.657
2686	3.658
2687	3.658
2688	3.659
2689	3.659
2690	3.660
2691	3.660
2692	3.661
2693	3.662
2694	3.662
2695	3.663
2696	3.663
2697	3.664
2698	3.664
2699	3.665
2700	3.665
2701	3.666
2702	3.666
2703	3.667
2704	3.668
2705	3.668
2706	3.669
2707	3.669
2708	3.670
2709	3.670
2710	3.671
2711	3.671
2712	3.672
2713	3.673
2714	3.673
2715	3.674
2716	3.674
2717	3.675
2718	3.675
2719	3.676
2720	3.676
2721	3.677
2722	3.677
2723	3.678
2724	3.679
2725	3.679
2726	3.680
2727	3.680
2728	3.681
2729	3.681
2730	3.682
2731	3.682
2732	3.683
2733	3.683
2734	3.684
2735	3.685
2736	3.685
2737	3.686
2738	3.686
2739	3.687
2740	3.687
2741	3.688
2742	3.688
2743	3.689
2744	3.689
2745	3.690
2746	3.691
2747	3.691
2748	3.692
2749	3.692
2750	3.693
2751	3.693
2752	3.694
2753	3.694
2754	3.695
2755	3.695
2756	3.696
2757	3.697
2758	3.697
2759	3.698
2760	3.698
2761	3.699
2762	3.699
2763	3.700
2764	3.700
2765	3.701
2766	3.701
2767	3.702
2768	3.702
2769	3.703
2770	3.704
2771	3.704
2772	3.705
2773	3.705
2774	3.706
2775	3.706
2776	3.707
2777	3.707
2778	3.708
2779	3.708
2780	3.709
2781	3.709
2782	3.710
2783	3.711
2784	3.711
2785	3.712
2786	3.712
2787	3.713
2788	3.713
2789	3.714
2790	3.714
2791	3.715
2792	3.715
2793	3.716
2794	3.716
2795	3.717
2796	3.717
2797	3.718
2798	3.719
2799	3.719
2800	3.720
2801	3.720
2802	3.721
2803	3.721
2804	3.722
2805	3.722
2806	3.723
2807	3.723
2808	3.724
2809	3.724
2810	3.725
2811	3.725
2812	3.726
2813	3.726
2814	3.727
2815	3.728
2816	3.728
2817	3.729
2818	3.729
2819	3.730
2820	3.730
2821	3.731
2822	3.731
2823	3.732
2824	3.732
2825	3.733
2826	3.733
2827	3.734
2828	3.734
2829	3.735
2830	3.735
2831	3.736
2832	3.737
2833	3.737
2834	3.738
2835	3.738
2836	3.739
2837	3.739
2838	3.740
2839	3.740
2840	3.741
2841	3.741
2842	3.742
2843	3.742
2844	3.743
2845	3.743
2846	3.744
2847	3.744
2848	3.745
2849	3.745
2850	3.746
2851	3.747
2852	3.747
2853	3.748
2854	3.748
2855	3.749
2856	3.749
2857	3.750
2858	3.750
2859	3.751
2860	3.751
2861	3.752
2862	3.752
2863	3.753
2864	3.753
2865	3.754
2866	3.754
2867	3.755
2868	3.755
2869	3.756
2870	3.756
2871	3.757
2872	3.757
2873	3.758
2874	3.759
2875	3.759
2876	3.760
2877	3.760
2878	3.761
2879	3.761
2880	3.762
2881	3.762
2882	3.763
2883	3.763
2884	3.764
2885	3.764
2886	3.765
2887	3.765
2888	3.766
2889	3.766
2890	3.767
2891	3.767
2892	3.768
2893	3.768
2894	3.769
2895	3.769
2896	3.770
2897	3.770
2898	3.771
2899	3.771
2900	3.772
2901	3.772
2902	3.773
2903	3.773
2904	3.774
2905	3.775
2906	3.775
2907	3.776
2908	3.776
2909	3.777
2910	3.777
2911	3.778
2912	3.778
2913	3.779
2914	3.779
2915	3.780
2916	3.780
2917	3.781
2918	3.781
2919	3.782
2920	3.782
2921	3.783
2922	3.783
2923	3.784
2924	3.784
2925	3.785
2926	3.785
2927	3.786
2928	3.786
2929	3.787
2930	3.787
2931	3.788
2932	3.788
2933	3.789
2934	3.789
2935	3.790
2936	3.790
2937	3.791
2938	3.791
2939	3.792
2940	3.792
2941	3.793
2942	3.793
2943	3.794
2944	3.794
2945	3.795
2946	3.795
2947	3.796
2948	3.796
2949	3.797
2950	3.797
2951	3.798
2952	3.798
2953	3.799
2954	3.800
2955	3.800
2956	3.801
2957	3.801
2958	3.802
2959	3.802
2960	3.803
2961	3.803
2962	3.804
2963	3.804
2964	3.805
2965	3.805
2966	3.806
2967	3.806
2968	3.807
2969	3.807
2970	3.808
2971	3.808
2972	3.809
2973	3.809
2974	3.810
2975	3.810
2976	3.811
2977	3.811
2978	3.812
2979	3.812
2980	3.813
2981	3.813
2982	3.814
2983	3.814
2984	3.815
2985	3.815
2986	3.816
2987	3.816
2988	3.817
2989	3.817
2990	3.818
2991	3.818
2992	3.819
2993	3.819
2994	3.820
2995	3.820
2996	3.821
2997	3.821
2998	3.822
2999	3.822
3000	3.823
3001	3.823
3002	3.824
3003	3.824
3004	3.825
3005	3.825
3006	3.826
3007	3.826
3008	3.827
3009	3.827
3010	3.828
3011	3.828
3012	3.829
3013	3.829
3014	3.830
3015	3.830
3016	3.831
3017	3.831
3018	3.832
3019	3.832
3020	3.833
3021	3.833
3022	3.834
3023	3.834
3024	3.835
3025	3.835
3026	3.835
3027	3.836
3028	3.836
3029	3.837
3030	3.837
3031	3.838
3032	3.838
3033	3.839
3034	3.839
3035	3.840
3036	3.840
3037	3.841
3038	3.841
3039	3.842
3040	3.842
3041	3.843
3042	3.843
3043	3.844
3044	3.844
3045	3.845
3046	3.845
3047	3.846
3048	3.846
3049	3.847
3050	3.847
3051	3.848
3052	3.848
3053	3.849
3054	3.849
3055	3.850
3056	3.850
3057	3.851
3058	3.851
3059	3.852
3060	3.852
3061	3.853
3062	3.853
3063	3.854
3064	3.854
3065	3.855
3066	3.855
3067	3.856
3068	3.856
3069	3.857
3070	3.857
3071	3.858
3072	3.858
3073	3.859
3074	3.859
3075	3.860
3076	3.860
3077	3.860
3078	3.861
3079	3.861
3080	3.862
3081	3.862
3082	3.863
3083	3.863
3084	3.864
3085	3.864
3086	3.865
3087	3.865
3088	3.866
3089	3.866
3090	3.867
3091	3.867
3092	3.868
3093	3.868
3094	3.869
3095	3.869
3096	3.870
3097	3.870
3098	3.871
3099	3.871
3100	3.872
3101	3.872
3102	3.873
3103	3.873
3104	3.874
3105	3.874
3106	3.874
3107	3.875
3108	3.875
3109	3.876
3110	3.876
3111	3.877
3112	3.877
3113	3.878
3114	3.878
3115	3.879
3116	3.879
3117	3.880
3118	3.880
3119	3.881
3120	3.881
3121	3.882
3122	3.882
3123	3.883
3124	3.883
3125	3.884
3126	3.884
3127	3.885
3128	3.885
3129	3.886
3130	3.886
3131	3.886
3132	3.887
3133	3.887
3134	3.888
3135	3.888
3136	3.889
3137	3.889
3138	3.890
3139	3.890
3140	3.891
3141	3.891
3142	3.892
3143	3.892
3144	3.893
3145	3.893
3146	3.894
3147	3.894
3148	3.895
3149	3.895
3150	3.896
3151	3.896
3152	3.896
3153	3.897
3154	3.897
3155	3.898
3156	3.898
3157	3.899
3158	3.899
3159	3.900
3160	3.900
3161	3.901
3162	3.901
3163	3.902
3164	3.902
3165	3.903
3166	3.903
3167	3.904
3168	3.904
3169	3.905
3170	3.905
3171	3.905
3172	3.906
3173	3.906
3174	3.907
3175	3.907
3176	3.908
3177	3.908
3178	3.909
3179	3.909
3180	3.910
3181	3.910
3182	3.911
3183	3.911
3184	3.912
3185	3.912
3186	3.913
3187	3.913
3188	3.913
3189	3.914
3190	3.914
3191	3.915
3192	3.915
3193	3.916
3194	3.916
3195	3.917
3196	3.917
3197	3.918
3198	3.918
3199	3.919
3200	3.919
3201	3.920
3202	3.920
3203	3.920
3204	3.921
3205	3.921
3206	3.922
3207	3.922
3208	3.923
3209	3.923
3210	3.924
3211	3.924
3212	3.925
3213	3.925
3214	3.926
3215	3.926
3216	3.927
3217	3.927
3218	3.927
3219	3.928
3220	3.928
3221	3.929
3222	3.929
3223	3.930
3224	3.930
3225	3.931
3226	3.931
3227	3.932
3228	3.932
3229	3.933
3230	3.933
3231	3.934
3232	3.934
3233	3.934
3234	3.935
3235	3.935
3236	3.936
3237	3.936
3238	3.937
3239	3.937
3240	3.938
3241	3.938
3242	3.939
3243	3.939
3244	3.940
3245	3.940
3246	3.940
3247	3.941
3248	3.941
3249	3.942
3250	3.942
3251	3.943
3252	3.943
3253	3.944
3254	3.944
3255	3.945
3256	3.945
3257	3.945
3258	3.946
3259	3.946
3260	3.947
3261	3.947
3262	3.948
3263	3.948
3264	3.949
3265	3.949
3266	3.950
3267	3.950
3268	3.951
3269	3.951
3270	3.951
3271	3.952
3272	3.952
3273	3.953
3274	3.953
3275	3.954
3276	3.954
3277	3.955
3278	3.955
3279	3.956
3280	3.956
3281	3.956
3282	3.957
3283	3.957
3284	3.958
3285	3.958
3286	3.959
3287	3.959
3288	3.960
3289	3.960
3290	3.961
3291	3.961
3292	3.961
3293	3.962
3294	3.962
3295	3.963
3296	3.963
3297	3.964
3298	3.964
3299	3.965
3300	3.965
3301	3.966
3302	3.966
3303	3.966
3304	3.967
3305	3.967
3306	3.968
3307	3.968
3308	3.969
3309	3.969
3310	3.970
3311	3.970
3312	3.971
3313	3.971
3314	3.971
3315	3.972
3316	3.972
3317	3.973
3318	3.973
3319	3.974
3320	3.974
3321	3.975
3322	3.975
3323	3.976
3324	3.976
3325	3.976
3326	3.977
3327	3.977
3328	3.978
3329	3.978
3330	3.979
3331	3.979
3332	3.980
3333	3.980
3334	3.980
3335	3.981
3336	3.981
3337	3.982
3338	3.982
3339	3.983
3340	3.983
3341	3.984
3342	3.984
3343	3.984
3344	3.985
3345	3.985
3346	3.986
3347	3.986
3348	3.987
3349	3.987
3350	3.988
3351	3.988
3352	3.989
3353	3.989
3354	3.989
3355	3.990
3356	3.990
3357	3.991
3358	3.991
3359	3.992
3360	3.992
3361	3.993
3362	3.993
3363	3.993
3364	3.994
3365	3.994
3366	3.995
3367	3.995
3368	3.996
3369	3.996
3370	3.997
3371	3.997
3372	3.997
3373	3.998
3374	3.998
3375	3.999
3376	3.999
3377	4.000
3378	4.000
3379	4.001
3380	4.001
3381	4.001
3382	4.002
3383	4.002
3384	4.003
3385	4.003
3386	4.004
3387	4.004
3388	4.004
3389	4.005
3390	4.005
3391	4.006
3392	4.006
3393	4.007
3394	4.007
3395	4.008
3396	4.008
3397	4.008
3398	4.009
3399	4.009
3400	4.010
3401	4.010
3402	4.011
3403	4.011
3404	4.012
3405	4.012
3406	4.012
3407	4.013
3408	4.013
3409	4.014
3410	4.014
3411	4.015
3412	4.015
3413	4.015
3414	4.016
3415	4.016
3416	4.017
3417	4.017
3418	4.018
3419	4.018
3420	4.019
3421	4.019
3422	4.019
3423	4.020
3424	4.020
3425	4.021
3426	4.021
3427	4.022
3428	4.022
3429	4.022
3430	4.023
3431	4.023
3432	4.024
3433	4.024
3434	4.025
3435	4.025
3436	4.026
3437	4.026
3438	4.026
3439	4.027
3440	4.027
3441	4.028
3442	4.028
3443	4.029
3444	4.029
3445	4.029
3446	4.030
3447	4.030
3448	4.031
3449	4.031
3450	4.032
3451	4.032
3452	4.032
3453	4.033
3454	4.033
3455	4.034
3456	4.034
3457	4.035
3458	4.035
3459	4.036
3460	4.036
3461	4.036
3462	4.037
3463	4.037
3464	4.038
3465	4.038
3466	4.039
3467	4.039
3468	4.039
3469	4.040
3470	4.040
3471	4.041
3472	4.041
3473	4.042
3474	4.042
3475	4.042
3476	4.043
3477	4.043
3478	4.044
3479	4.044
3480	4.045
3481	4.045
3482	4.045
3483	4.046
3484	4.046
3485	4.047
3486	4.047
3487	4.048
3488	4.048
3489	4.048
3490	4.049
3491	4.049
3492	4.050
3493	4.050
3494	4.051
3495	4.051
3496	4.051
3497	4.052
3498	4.052
3499	4.053
3500	4.053
3501	4.054
3502	4.054
3503	4.054
3504	4.055
3505	4.055
3506	4.056
3507	4.056
3508	4.057
3509	4.057
3510	4.057
3511	4.058
3512	4.058
3513	4.059
3514	4.059
3515	4.060
3516	4.060
3517	4.060
3518	4.061
3519	4.061
3520	4.062
3521	4.062
3522	4.063
3523	4.063
3524	4.063
3525	4.064
3526	4.064
3527	4.065
3528	4.065
3529	4.065
3530	4.066
3531	4.066
3532	4.067
3533	4.067
3534	4.068
3535	4.068
3536	4.068
3537	4.069
3538	4.069
3539	4.070
3540	4.070
3541	4.071
3542	4.071
3543	4.071
3544	4.072
3545	4.072
3546	4.073
3547	4.073
3548	4.073
3549	4.074
3550	4.074
3551	4.075
3552	4.075
3553	4.076
3554	4.076
3555	4.076
3556	4.077
3557	4.077
3558	4.078
3559	4.078
3560	4.079
3561	4.079
3562	4.079
3563	4.080
3564	4.080
3565	4.081
3566	4.081
3567	4.081
3568	4.082
3569	4.082
3570	4.083
3571	4.083
3572	4.084
3573	4.084
3574	4.084
3575	4.085
3576	4.085
3577	4.086
3578	4.086
3579	4.087
3580	4.087
3581	4.087
3582	4.088
3583	4.088
3584	4.089
3585	4.089
3586	4.089
3587	4.090
3588	4.090
3589	4.091
3590	4.091
3591	4.092
3592	4.092
3593	4.092
3594	4.093
3595	4.093
3596	4.094
3597	4.094
3598	4.094
3599	4.095
3600	4.095
3601	4.096
3602	4.096
3603	4.096
3604	4.097
3605	4.097
3606	4.098
3607	4.098
3608	4.099
3609	4.099
3610	4.099
3611	4.100
3612	4.100
3613	4.101
3614	4.101
3615	4.101
3616	4.102
3617	4.102
3618	4.103
3619	4.103
3620	4.104
3621	4.104
3622	4.104
3623	4.105
3624	4.105
3625	4.106
3626	4.106
3627	4.106
3628	4.107
3629	4.107
3630	4.108
3631	4.108
3632	4.108
3633	4.109
3634	4.109
3635	4.110
3636	4.110
3637	4.111
3638	4.111
3639	4.111
3640	4.112
3641	4.112
3642	4.113
3643	4.113
3644	4.113
3645	4.114
3646	4.114
3647	4.115
3648	4.115
3649	4.115
3650	4.116
3651	4.116
3652	4.117
3653	4.117
3654	4.118
3655	4.118
3656	4.118
3657	4.119
3658	4.119
3659	4.120
3660	4.120
3661	4.120
3662	4.121
3663	4.121
3664	4.122
3665	4.122
3666	4.122
3667	4.123
3668	4.123
3669	4.124
3670	4.124
3671	4.124
3672	4.125
3673	4.125
3674	4.126
3675	4.126
3676	4.126
3677	4.127
3678	4.127
3679	4.128
3680	4.128
3681	4.129
3682	4.129
3683	4.129
3684	4.130
3685	4.130
3686	4.131
3687	4.131
3688	4.131
3689	4.132
3690	4.132
3691	4.133
3692	4.133
3693	4.133
3694	4.134
3695	4.134
3696	4.135
3697	4.135
3698	4.135
3699	4.136
3700	4.136
3701	4.137
3702	4.137
3703	4.137
3704	4.138
3705	4.138
3706	4.139
3707	4.139
3708	4.139
3709	4.140
3710	4.140
3711	4.141
3712	4.141
3713	4.141
3714	4.142
3715	4.142
3716	4.143
3717	4.143
3718	4.143
3719	4.144
3720	4.144
3721	4.145
3722	4.145
3723	4.145
3724	4.146
3725	4.146
3726	4.147
3727	4.147
3728	4.147
3729	4.148
3730	4.148
3731	4.149
3732	4.149
3733	4.149
3734	4.150
3735	4.150
3736	4.151
3737	4.151
3738	4.151
3739	4.152
3740	4.152
3741	4.153
3742	4.153
3743	4.153
3744	4.154
3745	4.154
3746	4.155
3747	4.155
3748	4.155
3749	4.156
3750	4.156
3751	4.157
3752	4.157
3753	4.157
3754	4.158
3755	4.158
3756	4.159
3757	4.159
3758	4.159
3759	4.160
3760	4.160
3761	4.161
3762	4.161
3763	4.161
3764	4.162
3765	4.162
3766	4.163
3767	4.163
3768	4.163
3769	4.164
3770	4.164
3771	4.165
3772	4.165
3773	4.165
3774	4.166
3775	4.166
3776	4.167
3777	4.167
3778	4.167
3779	4.168
3780	4.168
3781	4.169
3782	4.169
3783	4.169
3784	4.170
3785	4.170
3786	4.171
3787	4.171
3788	4.171
3789	4.172
3790	4.172
3791	4.172
3792	4.173
3793	4.173
3794	4.174
3795	4.174
3796	4.174
3797	4.175
3798	4.175
3799	4.176
3800	4.176
3801	4.176
3802	4.177
3803	4.177
3804	4.178
3805	4.178
3806	4.178
3807	4.179
3808	4.179
3809	4.180
3810	4.180
3811	4.180
3812	4.181
3813	4.181
3814	4.182
3815	4.182
3816	4.182
3817	4.183
3818	4.183
3819	4.183
3820	4.184
3821	4.184
3822	4.185
3823	4.185
3824	4.185
3825	4.186
3826	4.186
3827	4.187
3828	4.187
3829	4.187
3830	4.188
3831	4.188
3832	4.189
3833	4.189
3834	4.189
3835	4.190
3836	4.190
3837	4.191
3838	4.191
3839	4.191
3840	4.192
3841	4.192
3842	4.192
3843	4.193
3844	4.193
3845	4.194
3846	4.194
3847	4.194
3848	4.195
3849	4.195
3850	4.196
3851	4.196
3852	4.196
3853	4.197
3854	4.197
3855	4.197
3856	4.198
3857	4.198
3858	4.199
3859	4.199
3860	4.199
3861	4.200
3862	4.200
3863	4.201
3864	4.201
3865	4.201
3866	4.202
3867	4.202
3868	4.203
3869	4.203
3870	4.203
3871	4.204
3872	4.204
3873	4.204
3874	4.205
3875	4.205
3876	4.206
3877	4.206
3878	4.206
3879	4.207
3880	4.207
3881	4.208
3882	4.208
3883	4.208
3884	4.209
3885	4.209
3886	4.209
3887	4.210
3888	4.210
3889	4.211
3890	4.211
3891	4.211
3892	4.212
3893	4.212
3894	4.213
3895	4.213
3896	4.213
3897	4.214
3898	4.214
3899	4.214
3900	4.215
3901	4.215
3902	4.216
3903	4.216
3904	4.216
3905	4.217
3906	4.217
3907	4.217
3908	4.218
3909	4.218
3910	4.219
3911	4.219
3912	4.219
3913	4.220
3914	4.220
3915	4.221
3916	4.221
3917	4.221
3918	4.222
3919	4.222
3920	4.222
3921	4.223
3922	4.223
3923	4.224
3924	4.224
3925	4.224
3926	4.225
3927	4.225
3928	4.225
3929	4.226
3930	4.226
3931	4.227
3932	4.227
3933	4.227
3934	4.228
3935	4.228
3936	4.229
3937	4.229
3938	4.229
3939	4.230
3940	4.230
3941	4.230
3942	4.231
3943	4.231
3944	4.232
3945	4.232
3946	4.232
3947	4.233
3948	4.233
3949	4.233
3950	4.234
3951	4.234
3952	4.235
3953	4.235
3954	4.235
3955	4.236
3956	4.236
3957	4.236
3958	4.237
3959	4.237
3960	4.238
3961	4.238
3962	4.238
3963	4.239
3964	4.239
3965	4.239
3966	4.240
3967	4.240
3968	4.241
3969	4.241
3970	4.241
3971	4.242
3972	4.242
3973	4.242
3974	4.243
3975	4.243
3976	4.244
3977	4.244
3978	4.244
3979	4.245
3980	4.245
3981	4.245
3982	4.246
3983	4.246
3984	4.247
3985	4.247
3986	4.247
3987	4.248
3988	4.248
3989	4.248
3990	4.249
3991	4.249
3992	4.250
3993	4.250
3994	4.250
3995	4.251
3996	4.251
3997	4.251
3998	4.252
3999	4.252
4000	4.253
