 0.000000e+0	1.742650e-21
 1.000000e-4	1.742650e-21
 3.514000e-2	4.681770e-21
 7.152000e-2	6.159750e-21
 1.091700e-1	7.328590e-21
 1.481500e-1	8.322300e-21
 1.885000e-1	9.195310e-21
 2.302700e-1	9.976620e-21
 2.735000e-1	1.068410e-20
 3.182600e-1	1.132980e-20
 3.645800e-1	1.192230e-20
 4.125400e-1	1.246820e-20
 4.621800e-1	1.297250e-20
 5.135600e-1	1.343950e-20
 5.667500e-1	1.387240e-20
 6.218100e-1	1.427440e-20
 6.788000e-1	1.464780e-20
 7.378000e-1	1.499500e-20
 7.988700e-1	1.531790e-20
 8.620900e-1	1.561860e-20
 9.275200e-1	1.589860e-20
 9.952600e-1	1.615980e-20
 1.065380e+0	1.641400e-20
 1.137960e+0	1.667600e-20
 1.213090e+0	1.692620e-20
 1.371370e+0	1.724270e-20
 1.540970e+0	1.755460e-20
 1.722700e+0	1.779690e-20
 1.917430e+0	1.807610e-20
 2.126080e+0	1.830090e-20
 2.467370e+0	1.857390e-20
 2.715350e+0	1.881540e-20
 2.981070e+0	1.908110e-20
 3.265800e+0	1.928610e-20
 3.570880e+0	1.949960e-20
 3.897790e+0	1.972850e-20
 4.248070e+0	2.002330e-20
 4.623410e+0	2.036110e-20
 5.025600e+0	2.071790e-20
 5.456540e+0	2.101960e-20
 5.918310e+0	2.134280e-20
 6.413100e+0	2.168920e-20
 6.943280e+0	2.206030e-20
 7.511380e+0	2.250910e-20
 7.810490e+0	2.274840e-20
 8.120110e+0	2.300150e-20
 8.440610e+0	2.327230e-20
 8.772370e+0	2.354300e-20
 9.115790e+0	2.378110e-20
 9.471290e+0	2.402990e-20
 9.839270e+0	2.428750e-20
 1.022018e+1	2.455410e-20
 1.061449e+1	2.483010e-20
 1.102264e+1	2.511310e-20
 1.188250e+1	2.560910e-20
 1.233521e+1	2.587030e-20
 1.280384e+1	2.614070e-20
 1.328894e+1	2.642050e-20
 1.431087e+1	2.685390e-20
 1.540590e+1	2.723530e-20
 1.657924e+1	2.761790e-20
 1.783649e+1	2.790180e-20
 1.918366e+1	2.820600e-20
 3.790451e+1	2.792570e-20
 4.215191e+1	2.736960e-20
 4.366836e+1	2.706630e-20
 4.523810e+1	2.675240e-20
 4.686301e+1	2.642740e-20
 4.854502e+1	2.609100e-20
 5.028614e+1	2.571990e-20
 5.208844e+1	2.521520e-20
 5.395409e+1	2.469290e-20
 5.588529e+1	2.415210e-20
 5.788437e+1	2.359240e-20
 5.995369e+1	2.301300e-20
 6.209573e+1	2.262280e-20
 6.431306e+1	2.222360e-20
 6.660830e+1	2.181050e-20
 6.898420e+1	2.138280e-20
 7.144360e+1	2.101440e-20
 7.398942e+1	2.068710e-20
 7.662471e+1	2.034830e-20
 7.935261e+1	1.978860e-20
 8.217638e+1	1.917470e-20
 8.509938e+1	1.853930e-20
 8.812509e+1	1.788150e-20
 9.125714e+1	1.720060e-20
 9.449926e+1	1.649580e-20
 9.785531e+1	1.576620e-20
 1.013293e+2	1.515820e-20
 1.049254e+2	1.477460e-20
 1.086478e+2	1.437760e-20
 1.125011e+2	1.396660e-20
 1.164898e+2	1.354110e-20
 1.206186e+2	1.310070e-20
 1.248925e+2	1.264480e-20
 1.293167e+2	1.217290e-20
 1.338963e+2	1.174930e-20
 1.386368e+2	1.132270e-20
 1.435440e+2	1.088100e-20
 1.486236e+2	1.042390e-20
 1.538817e+2	1.004770e-20
 1.593245e+2	9.693900e-21
 1.649587e+2	9.327680e-21
 1.707908e+2	8.962040e-21
 1.768279e+2	8.672260e-21
 1.830772e+2	8.372290e-21
 1.895461e+2	8.061790e-21
 1.962423e+2	7.740370e-21
 2.031738e+2	7.451460e-21
 2.103489e+2	7.206070e-21
 2.177762e+2	6.952050e-21
 2.254644e+2	6.689120e-21
 2.334229e+2	6.416940e-21
 2.416610e+2	6.135190e-21
 2.501886e+2	5.845810e-21
 2.590160e+2	5.649850e-21
 2.681535e+2	5.446990e-21
 2.776121e+2	5.237010e-21
 2.874031e+2	5.019650e-21
 2.975383e+2	4.794650e-21
 3.080295e+2	4.597070e-21
 3.188895e+2	4.403770e-21
 3.301311e+2	4.203670e-21
 3.417678e+2	3.996530e-21
 3.538134e+2	3.801190e-21
 3.662823e+2	3.641590e-21
 3.791894e+2	3.476380e-21
 3.925501e+2	3.305360e-21
 4.063803e+2	3.154490e-21
 4.206965e+2	3.029940e-21
 4.355158e+2	2.901010e-21
 4.508559e+2	2.767550e-21
 4.667351e+2	2.629400e-21
 4.831724e+2	2.486400e-21
 5.001872e+2	2.338990e-21
 5.178000e+2	2.243880e-21
 5.360318e+2	2.145430e-21
 5.549043e+2	2.043520e-21
 5.744399e+2	1.938020e-21
 5.946621e+2	1.828820e-21
 6.155950e+2	1.742300e-21
 6.372635e+2	1.662130e-21
 6.596934e+2	1.579130e-21
 6.829117e+2	1.493230e-21
 7.069458e+2	1.411940e-21
 7.318245e+2	1.347260e-21
 7.575776e+2	1.280300e-21
 7.842356e+2	1.210990e-21
 8.118305e+2	1.147170e-21
 8.403951e+2	1.092040e-21
 8.699636e+2	1.034970e-21
 9.005711e+2	9.761600e-22
 9.322543e+2	9.295860e-22
 9.650509e+2	8.813750e-22
