 2.156454e+1	0.000000e+0
 2.156600e+1	7.118920e-27
 2.159968e+1	2.501740e-24
 2.163606e+1	5.091400e-24
 2.167372e+1	7.772070e-24
 2.171269e+1	1.054690e-23
 2.175304e+1	1.341930e-23
 2.179481e+1	1.639270e-23
 2.183804e+1	1.947050e-23
 2.188280e+1	2.265650e-23
 2.192912e+1	2.595440e-23
 2.197708e+1	2.936820e-23
 2.202672e+1	3.388550e-23
 2.207810e+1	3.943500e-23
 2.213129e+1	4.517950e-23
 2.218635e+1	5.112590e-23
 2.224334e+1	5.728120e-23
 2.230234e+1	6.365290e-23
 2.236341e+1	7.024850e-23
 2.242663e+1	7.707580e-23
 2.249207e+1	8.414310e-23
 2.255980e+1	9.145870e-23
 2.262992e+1	9.903150e-23
 2.270250e+1	1.068700e-22
 2.277764e+1	1.149850e-22
 2.285541e+1	1.233840e-22
 2.293591e+1	1.320790e-22
 2.301925e+1	1.410400e-22
 2.310551e+1	1.501840e-22
 2.319481e+1	1.596500e-22
 2.328724e+1	1.694480e-22
 2.338292e+1	1.795900e-22
 2.348197e+1	1.900890e-22
 2.358449e+1	2.014630e-22
 2.369062e+1	2.133490e-22
 2.380048e+1	2.256530e-22
 2.391420e+1	2.383900e-22
 2.403191e+1	2.517010e-22
 2.415376e+1	2.658360e-22
 2.427989e+1	2.804680e-22
 2.441046e+1	2.956130e-22
 2.454561e+1	3.111090e-22
 2.468552e+1	3.267780e-22
 2.483034e+1	3.429980e-22
 2.498025e+1	3.597870e-22
 2.513542e+1	3.768970e-22
 2.529605e+1	3.945660e-22
 2.546233e+1	4.128560e-22
 2.563445e+1	4.323270e-22
 2.581262e+1	4.526380e-22
 2.599704e+1	4.736630e-22
 2.618795e+1	4.988100e-22
 2.638557e+1	5.248960e-22
 2.659014e+1	5.511770e-22
 2.680189e+1	5.774340e-22
 2.702108e+1	6.046140e-22
 2.724798e+1	6.327490e-22
 2.748285e+1	6.618730e-22
 2.772597e+1	6.920210e-22
 2.797764e+1	7.232280e-22
 2.823816e+1	7.548170e-22
 2.850782e+1	7.874470e-22
 2.878697e+1	8.212230e-22
 2.907592e+1	8.564140e-22
 2.937503e+1	8.935040e-22
 2.968465e+1	9.318960e-22
 3.000515e+1	9.716410e-22
 3.033691e+1	1.012950e-21
 3.068034e+1	1.055700e-21
 3.103583e+1	1.099960e-21
 3.140381e+1	1.145770e-21
 3.178473e+1	1.193200e-21
 3.217903e+1	1.242380e-21
 3.258719e+1	1.293400e-21
 3.300969e+1	1.346210e-21
 3.344704e+1	1.400880e-21
 3.389976e+1	1.457470e-21
 3.436838e+1	1.512360e-21
 3.485348e+1	1.568150e-21
 3.535562e+1	1.625900e-21
 3.587542e+1	1.685670e-21
 3.641347e+1	1.748580e-21
 3.697044e+1	1.814030e-21
 3.754698e+1	1.881770e-21
 3.814378e+1	1.951890e-21
 3.876155e+1	2.024480e-21
 3.940103e+1	2.099620e-21
 4.006299e+1	2.176550e-21
 4.074820e+1	2.247810e-21
 4.145750e+1	2.321580e-21
 4.219173e+1	2.397940e-21
 4.295175e+1	2.476980e-21
 4.373849e+1	2.558800e-21
 4.455287e+1	2.643500e-21
 4.539587e+1	2.731960e-21
 4.626850e+1	2.824460e-21
 4.717179e+1	2.920210e-21
 4.810683e+1	3.019320e-21
 4.907472e+1	3.121920e-21
 5.007663e+1	3.227660e-21
 5.111375e+1	3.331380e-21
 5.218732e+1	3.438730e-21
 5.329861e+1	3.549860e-21
 5.444896e+1	3.664900e-21
 5.563973e+1	3.773740e-21
 5.687235e+1	3.877280e-21
 5.814828e+1	3.984460e-21
 5.946906e+1	4.095400e-21
 6.083624e+1	4.206900e-21
 6.225148e+1	4.320120e-21
 6.371645e+1	4.437320e-21
 6.523290e+1	4.556770e-21
 6.680264e+1	4.669790e-21
 6.842755e+1	4.786780e-21
 7.010956e+1	4.906790e-21
 7.185068e+1	5.014740e-21
 7.365299e+1	5.126490e-21
 7.551863e+1	5.239040e-21
 7.744983e+1	5.347190e-21
 7.944891e+1	5.459140e-21
 8.151823e+1	5.564390e-21
 8.366028e+1	5.669350e-21
 8.587760e+1	5.778000e-21
 8.817284e+1	5.890470e-21
 9.054874e+1	6.000300e-21
 9.300814e+1	6.091300e-21
 9.555396e+1	6.185500e-21
 9.818925e+1	6.283000e-21
 1.009172e+2	6.379350e-21
 1.037409e+2	6.469710e-21
 1.066639e+2	6.563250e-21
 1.096896e+2	6.660070e-21
 1.128217e+2	6.734900e-21
 1.160638e+2	6.809470e-21
 1.194198e+2	6.886660e-21
 1.228938e+2	6.949200e-21
 1.264899e+2	7.010330e-21
 1.302124e+2	7.072970e-21
 1.340656e+2	7.126920e-21
 1.380543e+2	7.182760e-21
 1.421831e+2	7.240560e-21
 1.464571e+2	7.300400e-21
 1.508812e+2	7.359690e-21
 1.554608e+2	7.410070e-21
 1.602014e+2	7.460200e-21
 1.651085e+2	7.465110e-21
 1.701881e+2	7.470190e-21
 1.754462e+2	7.475450e-21
 1.808891e+2	7.478220e-21
 1.865232e+2	7.466950e-21
 1.923554e+2	7.457640e-21
 1.983925e+2	7.451610e-21
 2.046417e+2	7.435150e-21
 2.111106e+2	7.414450e-21
 2.178068e+2	7.393020e-21
 2.247383e+2	7.370840e-21
 2.319134e+2	7.331280e-21
 2.393407e+2	7.289690e-21
 2.470290e+2	7.246640e-21
 2.549874e+2	7.190100e-21
 2.632255e+2	7.124200e-21
 2.717532e+2	7.055970e-21
 2.805805e+2	6.983120e-21
 2.897180e+2	6.906370e-21
 2.991767e+2	6.826920e-21
 3.089677e+2	6.759020e-21
 3.191028e+2	6.690100e-21
 3.295941e+2	6.618760e-21
 3.404540e+2	6.544910e-21
 3.516957e+2	6.466100e-21
 3.633323e+2	6.370670e-21
 3.753779e+2	6.271900e-21
 3.878468e+2	6.169660e-21
 4.007539e+2	6.065630e-21
 4.141146e+2	5.988140e-21
 4.279448e+2	5.907920e-21
 4.422610e+2	5.824890e-21
 4.570804e+2	5.738930e-21
 4.724205e+2	5.649960e-21
 4.882997e+2	5.557860e-21
 5.047369e+2	5.467260e-21
 5.217518e+2	5.385590e-21
 5.393646e+2	5.301050e-21
 5.575963e+2	5.213540e-21
 5.764688e+2	5.122950e-21
 5.960045e+2	5.029180e-21
 6.162267e+2	4.938600e-21
 6.371595e+2	4.846500e-21
 6.588280e+2	4.751160e-21
 6.812580e+2	4.652460e-21
 7.044762e+2	4.553440e-21
 7.285103e+2	4.464510e-21
 7.533891e+2	4.372460e-21
 7.791421e+2	4.277170e-21
 8.058002e+2	4.180860e-21
 8.333951e+2	4.089800e-21
 8.619597e+2	3.995530e-21
 8.915281e+2	3.897960e-21
 9.221357e+2	3.816870e-21
 9.538188e+2	3.740830e-21
 9.866154e+2	3.662120e-21
