 1.661907e+1	0.000000e+0
 1.662100e+1	1.922450e-25
 1.665421e+1	2.397950e-23
 1.669059e+1	3.453560e-23
 1.672824e+1	5.244550e-23
 1.676722e+1	6.186680e-23
 1.680757e+1	6.718160e-23
 1.684934e+1	7.854860e-23
 1.689257e+1	1.321470e-22
 1.693733e+1	1.606040e-22
 1.698365e+1	1.250770e-22
 1.703161e+1	1.005630e-22
 1.708125e+1	8.911910e-23
 1.713263e+1	8.454000e-23
 1.718582e+1	8.150820e-23
 1.724088e+1	8.070000e-23
 1.729787e+1	8.070000e-23
 1.735687e+1	8.178060e-23
 1.741794e+1	8.328180e-23
 1.748116e+1	8.568400e-23
 1.754659e+1	8.863650e-23
 1.761433e+1	9.214590e-23
 1.768445e+1	9.677370e-23
 1.775703e+1	1.007660e-22
 1.783216e+1	1.055730e-22
 1.790994e+1	1.117950e-22
 1.799044e+1	1.182360e-22
 1.807378e+1	1.241650e-22
 1.816004e+1	1.308030e-22
 1.824934e+1	1.369600e-22
 1.834177e+1	1.408350e-22
 1.843745e+1	1.187640e-22
 1.853650e+1	1.091470e-22
 1.863902e+1	1.143990e-22
 1.874515e+1	9.014320e-23
 1.885501e+1	8.274510e-23
 1.896872e+1	9.116220e-23
 1.908644e+1	1.031860e-22
 1.920829e+1	1.081930e-22
 1.933442e+1	1.111370e-22
 1.946499e+1	1.141830e-22
 1.960014e+1	1.014520e-22
 1.974005e+1	1.193980e-22
 1.988487e+1	1.144540e-22
 2.003477e+1	1.030350e-22
 2.018995e+1	1.031900e-22
 2.035058e+1	1.033510e-22
 2.051686e+1	1.035170e-22
 2.068898e+1	1.036890e-22
 2.086714e+1	1.038670e-22
 2.105157e+1	1.040000e-22
 2.124248e+1	1.040000e-22
 2.144010e+1	1.040000e-22
 2.164467e+1	1.040000e-22
 2.185642e+1	1.040000e-22
 2.207561e+1	1.039240e-22
 2.230251e+1	1.036970e-22
 2.253738e+1	1.034630e-22
 2.278050e+1	1.032190e-22
 2.303217e+1	1.029680e-22
 2.329268e+1	1.027070e-22
 2.356235e+1	1.024380e-22
 2.384150e+1	1.021580e-22
 2.413045e+1	1.018570e-22
 2.442956e+1	1.015270e-22
 2.473918e+1	1.011870e-22
 2.505968e+1	1.008340e-22
 2.539144e+1	1.004690e-22
 2.573486e+1	1.000920e-22
 2.609036e+1	9.962380e-23
 2.645834e+1	9.890620e-23
 2.683925e+1	9.816350e-23
 2.723356e+1	9.739460e-23
 2.764171e+1	9.659870e-23
 2.806422e+1	9.571700e-23
 2.850157e+1	9.447050e-23
 2.895428e+1	9.318030e-23
 2.942291e+1	9.184470e-23
 2.990801e+1	9.046220e-23
 3.041015e+1	8.903520e-23
 3.092994e+1	8.755900e-23
 3.146800e+1	8.603090e-23
 3.202497e+1	8.444910e-23
 3.260151e+1	8.281170e-23
 3.319831e+1	8.111680e-23
 3.381608e+1	7.936230e-23
 3.445556e+1	7.754620e-23
 3.511752e+1	7.564270e-23
 3.580273e+1	7.355970e-23
 3.651203e+1	7.140340e-23
 3.724626e+1	6.917140e-23
 3.800628e+1	6.686090e-23
 3.879302e+1	6.446920e-23
 3.960740e+1	6.199350e-23
 4.045040e+1	5.960190e-23
 4.132303e+1	5.728070e-23
 4.222632e+1	5.487800e-23
 4.316136e+1	5.239080e-23
 4.412925e+1	4.981620e-23
 4.513116e+1	4.720090e-23
 4.616828e+1	4.483630e-23
 4.724185e+1	4.238860e-23
 4.835314e+1	3.985480e-23
 4.950349e+1	3.723210e-23
 5.069426e+1	3.463710e-23
 5.192688e+1	3.222850e-23
 5.320281e+1	2.996490e-23
 5.452358e+1	2.783970e-23
 5.589077e+1	2.584620e-23
 5.730601e+1	2.397820e-23
 5.877098e+1	2.222940e-23
 6.028743e+1	2.059380e-23
 6.185717e+1	1.906540e-23
 6.348208e+1	1.763860e-23
 6.516409e+1	1.630770e-23
 6.690521e+1	1.506740e-23
 6.870751e+1	1.391250e-23
 7.057316e+1	1.283800e-23
 7.250436e+1	1.183930e-23
 7.450344e+1	1.091160e-23
 7.657276e+1	1.005070e-23
 7.871480e+1	9.252260e-24
 8.093213e+1	8.512450e-24
 8.322737e+1	7.827420e-24
 8.560327e+1	7.193600e-24
 8.806267e+1	6.607570e-24
 9.060849e+1	6.066110e-24
 9.324378e+1	5.566180e-24
 9.597168e+1	5.104910e-24
 9.879545e+1	4.679570e-24
 1.017185e+2	4.287640e-24
 1.047442e+2	3.926700e-24
 1.078762e+2	3.594510e-24
 1.111183e+2	3.288970e-24
 1.144744e+2	3.008100e-24
 1.179484e+2	2.750060e-24
 1.215444e+2	2.513110e-24
 1.252669e+2	2.295660e-24
 1.291201e+2	2.096210e-24
 1.331088e+2	1.913360e-24
 1.372377e+2	1.745810e-24
 1.415116e+2	1.592360e-24
 1.459358e+2	1.451880e-24
 1.505154e+2	1.323350e-24
 1.552559e+2	1.205790e-24
 1.601630e+2	1.098320e-24
 1.652426e+2	1.000120e-24
 1.705007e+2	9.104130e-25
 1.759436e+2	8.285080e-25
 1.815778e+2	7.537530e-25
 1.874099e+2	6.855510e-25
 1.934470e+2	6.233490e-25
 1.996963e+2	5.666400e-25
 2.061651e+2	5.149580e-25
 2.128613e+2	4.678720e-25
 2.197929e+2	4.249880e-25
 2.269680e+2	3.859430e-25
 2.343952e+2	3.504050e-25
 2.420835e+2	3.180690e-25
 2.500420e+2	2.886550e-25
 2.582801e+2	2.619050e-25
 2.668077e+2	2.375870e-25
 2.756350e+2	2.154830e-25
 2.847726e+2	1.953990e-25
 2.942312e+2	1.771540e-25
 3.040222e+2	1.605840e-25
 3.141573e+2	1.455380e-25
 3.246486e+2	1.318790e-25
 3.355086e+2	1.194830e-25
 3.467502e+2	1.082350e-25
 3.583869e+2	9.803040e-26
 3.704325e+2	8.877490e-26
 3.829014e+2	8.038160e-26
 3.958085e+2	7.277160e-26
 4.091692e+2	6.587320e-26
 4.229993e+2	5.962080e-26
 4.373156e+2	5.395510e-26
 4.521349e+2	4.882170e-26
 4.674750e+2	4.417150e-26
 4.833542e+2	3.995960e-26
 4.997914e+2	3.614520e-26
 5.168063e+2	3.269140e-26
 5.344191e+2	2.956450e-26
 5.526509e+2	2.673400e-26
 5.715233e+2	2.417220e-26
 5.910590e+2	2.185370e-26
 6.112812e+2	1.975580e-26
 6.322141e+2	1.785770e-26
 6.538826e+2	1.614050e-26
 6.763125e+2	1.458730e-26
 6.995307e+2	1.318250e-26
 7.235648e+2	1.191200e-26
 7.484436e+2	1.076320e-26
 7.741966e+2	9.724410e-27
 8.008547e+2	8.785290e-27
 8.284496e+2	7.936320e-27
 8.570142e+2	7.168910e-27
 8.865827e+2	6.475290e-27
 9.171902e+2	5.848430e-27
 9.488734e+2	5.281930e-27
 9.816699e+2	4.770030e-27
