 1.684805e+1	0.000000e+0
 1.684850e+1	1.924450e-25
 1.688319e+1	9.808310e-23
 1.691957e+1	1.992660e-22
 1.695722e+1	2.158330e-22
 1.699620e+1	2.055190e-22
 1.703655e+1	1.908410e-22
 1.707832e+1	1.786370e-22
 1.712155e+1	1.695520e-22
 1.716631e+1	1.623910e-22
 1.721263e+1	1.559890e-22
 1.726059e+1	1.521530e-22
 1.731023e+1	1.486930e-22
 1.736161e+1	1.471520e-22
 1.741480e+1	1.458520e-22
 1.746986e+1	1.453010e-22
 1.752685e+1	1.452690e-22
 1.758585e+1	1.458580e-22
 1.764692e+1	1.478770e-22
 1.771014e+1	1.504050e-22
 1.777557e+1	1.530230e-22
 1.784331e+1	1.565990e-22
 1.791343e+1	1.609400e-22
 1.798601e+1	1.660210e-22
 1.806114e+1	1.718910e-22
 1.813892e+1	1.777240e-22
 1.821942e+1	1.833600e-22
 1.830276e+1	1.892760e-22
 1.838902e+1	1.979020e-22
 1.847832e+1	2.056110e-22
 1.857075e+1	2.130240e-22
 1.866643e+1	2.324980e-22
 1.876548e+1	1.901790e-22
 1.886800e+1	1.946000e-22
 1.897413e+1	1.888900e-22
 1.908399e+1	2.003590e-22
 1.919770e+1	2.058850e-22
 1.931542e+1	2.107710e-22
 1.943727e+1	2.161180e-22
 1.956340e+1	2.224380e-22
 1.969397e+1	2.287590e-22
 1.982912e+1	2.291650e-22
 1.996902e+1	2.347610e-22
 2.011384e+1	2.405540e-22
 2.026375e+1	2.465500e-22
 2.041893e+1	2.527570e-22
 2.057956e+1	2.575910e-22
 2.074584e+1	2.609170e-22
 2.091796e+1	2.643590e-22
 2.109612e+1	2.686910e-22
 2.128055e+1	2.738550e-22
 2.147146e+1	2.792010e-22
 2.166908e+1	2.891300e-22
 2.187365e+1	3.001770e-22
 2.208540e+1	3.117820e-22
 2.230459e+1	3.240570e-22
 2.253149e+1	3.367630e-22
 2.276636e+1	3.499160e-22
 2.300948e+1	3.635600e-22
 2.326115e+1	3.784080e-22
 2.352166e+1	3.937780e-22
 2.379133e+1	4.096890e-22
 2.407048e+1	4.266510e-22
 2.435943e+1	4.457220e-22
 2.465854e+1	4.654630e-22
 2.496816e+1	4.858980e-22
 2.528866e+1	5.044530e-22
 2.562042e+1	5.233640e-22
 2.596384e+1	5.429390e-22
 2.631933e+1	5.625630e-22
 2.668732e+1	5.828020e-22
 2.706823e+1	6.038890e-22
 2.746254e+1	6.263650e-22
 2.787069e+1	6.496300e-22
 2.829320e+1	6.716600e-22
 2.873054e+1	6.935270e-22
 2.918326e+1	7.152470e-22
 2.965189e+1	7.363350e-22
 3.013699e+1	7.572060e-22
 3.063913e+1	7.762870e-22
 3.115892e+1	7.960390e-22
 3.169698e+1	8.164850e-22
 3.225395e+1	8.361260e-22
 3.283049e+1	8.545760e-22
 3.342729e+1	8.715370e-22
 3.404506e+1	8.880360e-22
 3.468454e+1	9.027440e-22
 3.534650e+1	9.169300e-22
 3.603171e+1	9.305710e-22
 3.674101e+1	9.433380e-22
 3.747523e+1	9.551280e-22
 3.823526e+1	9.660580e-22
 3.902200e+1	9.762420e-22
 3.983638e+1	9.852000e-22
 4.067938e+1	9.931140e-22
 4.155201e+1	9.982080e-22
 4.245530e+1	1.004550e-21
 4.339034e+1	1.011950e-21
 4.435823e+1	1.016790e-21
 4.536014e+1	1.020720e-21
 4.639726e+1	1.022790e-21
 4.747083e+1	1.024940e-21
 4.858212e+1	1.027160e-21
 4.973246e+1	1.029460e-21
 5.092324e+1	1.030920e-21
 5.215585e+1	1.032160e-21
 5.343179e+1	1.033430e-21
 5.475256e+1	1.034750e-21
 5.611975e+1	1.036120e-21
 5.753499e+1	1.037530e-21
 5.899996e+1	1.039000e-21
 6.051641e+1	1.039480e-21
 6.208615e+1	1.037910e-21
 6.371106e+1	1.036290e-21
 6.539307e+1	1.034610e-21
 6.713419e+1	1.032870e-21
 6.893649e+1	1.031060e-21
 7.080214e+1	1.027590e-21
 7.273334e+1	1.021800e-21
 7.473241e+1	1.015800e-21
 7.680174e+1	1.009590e-21
 7.894378e+1	1.003170e-21
 8.116110e+1	9.968070e-22
 8.345635e+1	9.904950e-22
 8.583225e+1	9.839610e-22
 8.829165e+1	9.771980e-22
 9.083747e+1	9.701970e-22
 9.347276e+1	9.629500e-22
 9.620066e+1	9.554480e-22
 9.902443e+1	9.476830e-22
 1.019474e+2	9.406180e-22
 1.049731e+2	9.338100e-22
 1.081052e+2	9.267630e-22
 1.113473e+2	9.194690e-22
 1.147034e+2	9.119170e-22
 1.181774e+2	9.041010e-22
 1.217734e+2	8.940890e-22
 1.254959e+2	8.816800e-22
 1.293491e+2	8.688360e-22
 1.333378e+2	8.555410e-22
 1.374666e+2	8.417780e-22
 1.417406e+2	8.275310e-22
 1.461647e+2	8.127840e-22
 1.507443e+2	7.980150e-22
 1.554849e+2	7.853740e-22
 1.603920e+2	7.722880e-22
 1.654716e+2	7.587420e-22
 1.707297e+2	7.447210e-22
 1.761726e+2	7.302060e-22
 1.818067e+2	7.163860e-22
 1.876389e+2	7.047220e-22
 1.936760e+2	6.926480e-22
 1.999253e+2	6.801500e-22
 2.063941e+2	6.688100e-22
 2.130903e+2	6.570920e-22
 2.200218e+2	6.449620e-22
 2.271969e+2	6.324050e-22
 2.346242e+2	6.194080e-22
 2.423125e+2	6.065310e-22
 2.502709e+2	5.945940e-22
 2.585091e+2	5.822360e-22
 2.670367e+2	5.694450e-22
 2.758640e+2	5.562040e-22
 2.850015e+2	5.443730e-22
 2.944602e+2	5.337320e-22
 3.042512e+2	5.227170e-22
 3.143863e+2	5.113150e-22
 3.248776e+2	5.010980e-22
 3.357376e+2	4.924100e-22
 3.469792e+2	4.834170e-22
 3.586158e+2	4.741070e-22
 3.706614e+2	4.655370e-22
 3.831304e+2	4.568090e-22
 3.960374e+2	4.477740e-22
 4.093981e+2	4.383460e-22
 4.232283e+2	4.296550e-22
 4.375446e+2	4.210460e-22
 4.523639e+2	4.125230e-22
 4.677040e+2	4.040880e-22
 4.835832e+2	3.957460e-22
 5.000204e+2	3.875000e-22
 5.170353e+2	3.793520e-22
 5.346481e+2	3.713050e-22
 5.528799e+2	3.633620e-22
 5.717523e+2	3.555250e-22
 5.912880e+2	3.477950e-22
 6.115102e+2	3.401740e-22
 6.324430e+2	3.326640e-22
 6.541115e+2	3.252670e-22
 6.765415e+2	3.179820e-22
 6.997597e+2	3.108110e-22
 7.237938e+2	3.037560e-22
 7.486726e+2	2.968160e-22
 7.744256e+2	2.899910e-22
 8.010837e+2	2.832830e-22
 8.286786e+2	2.766910e-22
 8.572432e+2	2.702150e-22
 8.868116e+2	2.638560e-22
 9.174192e+2	2.576120e-22
 9.491024e+2	2.514840e-22
 9.818989e+2	2.454700e-22
