 1.671538e+1	0.000000e+0
 1.671600e+1	5.411730e-26
 1.675052e+1	5.446970e-24
 1.678690e+1	1.101760e-23
 1.682455e+1	2.200310e-23
 1.686353e+1	3.630710e-23
 1.690388e+1	3.998470e-23
 1.694565e+1	3.071400e-23
 1.698888e+1	2.412290e-23
 1.703364e+1	1.982730e-23
 1.707996e+1	1.760190e-23
 1.712792e+1	1.634170e-23
 1.717756e+1	1.572440e-23
 1.722894e+1	1.527760e-23
 1.728213e+1	1.520000e-23
 1.733719e+1	1.520000e-23
 1.739418e+1	1.538060e-23
 1.745318e+1	1.572540e-23
 1.751425e+1	1.619980e-23
 1.757747e+1	1.664230e-23
 1.764290e+1	1.722900e-23
 1.771064e+1	1.792770e-23
 1.778076e+1	1.876910e-23
 1.785334e+1	1.969340e-23
 1.792847e+1	2.069860e-23
 1.800625e+1	2.178750e-23
 1.808675e+1	2.291450e-23
 1.817009e+1	2.394110e-23
 1.825635e+1	2.503260e-23
 1.834565e+1	2.555440e-23
 1.843808e+1	2.277880e-23
 1.853376e+1	2.192480e-23
 1.863281e+1	2.496120e-23
 1.873533e+1	2.856710e-23
 1.884146e+1	1.577080e-23
 1.895132e+1	1.270530e-23
 1.906503e+1	1.898040e-23
 1.918275e+1	2.022750e-23
 1.930460e+1	2.122760e-23
 1.943073e+1	2.195370e-23
 1.956130e+1	2.248390e-23
 1.969645e+1	2.134260e-23
 1.983635e+1	2.305460e-23
 1.998117e+1	2.223180e-23
 2.013108e+1	2.207120e-23
 2.028626e+1	2.203700e-23
 2.044689e+1	2.200170e-23
 2.061317e+1	2.196510e-23
 2.078529e+1	2.192720e-23
 2.096345e+1	2.188800e-23
 2.114788e+1	2.184750e-23
 2.133879e+1	2.180550e-23
 2.153641e+1	2.176200e-23
 2.174098e+1	2.171700e-23
 2.195273e+1	2.167040e-23
 2.217192e+1	2.162220e-23
 2.239882e+1	2.157230e-23
 2.263369e+1	2.152060e-23
 2.287681e+1	2.146710e-23
 2.312848e+1	2.141170e-23
 2.338899e+1	2.135440e-23
 2.365866e+1	2.129510e-23
 2.393781e+1	2.123370e-23
 2.422676e+1	2.117010e-23
 2.452587e+1	2.110430e-23
 2.483549e+1	2.103620e-23
 2.515599e+1	2.089080e-23
 2.548775e+1	2.065860e-23
 2.583117e+1	2.041820e-23
 2.618667e+1	2.016930e-23
 2.655465e+1	1.991170e-23
 2.693556e+1	1.964510e-23
 2.732987e+1	1.936910e-23
 2.773802e+1	1.908340e-23
 2.816053e+1	1.878760e-23
 2.859788e+1	1.848150e-23
 2.905059e+1	1.816460e-23
 2.951922e+1	1.783650e-23
 3.000432e+1	1.749740e-23
 3.050646e+1	1.719610e-23
 3.102625e+1	1.688420e-23
 3.156431e+1	1.656140e-23
 3.212128e+1	1.622720e-23
 3.269782e+1	1.588130e-23
 3.329462e+1	1.552320e-23
 3.391239e+1	1.515260e-23
 3.455187e+1	1.476890e-23
 3.521383e+1	1.441450e-23
 3.589904e+1	1.414040e-23
 3.660834e+1	1.385670e-23
 3.734256e+1	1.356300e-23
 3.810259e+1	1.325900e-23
 3.888933e+1	1.294430e-23
 3.970371e+1	1.261850e-23
 4.054671e+1	1.228130e-23
 4.141934e+1	1.193230e-23
 4.232263e+1	1.157090e-23
 4.325767e+1	1.119690e-23
 4.422556e+1	1.080980e-23
 4.522747e+1	1.040900e-23
 4.626459e+1	9.994160e-24
 4.733816e+1	9.564740e-24
 4.844945e+1	9.120220e-24
 4.959980e+1	8.660080e-24
 5.079057e+1	8.109230e-24
 5.202319e+1	7.546370e-24
 5.329912e+1	7.017280e-24
 5.461989e+1	6.520430e-24
 5.598708e+1	6.054320e-24
 5.740232e+1	5.617470e-24
 5.886729e+1	5.208430e-24
 6.038374e+1	4.825800e-24
 6.195348e+1	4.468190e-24
 6.357839e+1	4.134280e-24
 6.526040e+1	3.822780e-24
 6.700152e+1	3.532440e-24
 6.880382e+1	3.262050e-24
 7.066947e+1	3.010460e-24
 7.260067e+1	2.776560e-24
 7.459975e+1	2.559270e-24
 7.666907e+1	2.357590e-24
 7.881111e+1	2.170530e-24
 8.102843e+1	1.997180e-24
 8.332368e+1	1.836640e-24
 8.569958e+1	1.688080e-24
 8.815898e+1	1.550710e-24
 9.070480e+1	1.423760e-24
 9.334009e+1	1.306540e-24
 9.606799e+1	1.198380e-24
 9.889176e+1	1.098620e-24
 1.018148e+2	1.006690e-24
 1.048405e+2	9.220240e-25
 1.079725e+2	8.440910e-25
 1.112146e+2	7.724010e-25
 1.145707e+2	7.064940e-25
 1.180447e+2	6.459360e-25
 1.216407e+2	5.903260e-25
 1.253632e+2	5.392850e-25
 1.292165e+2	4.924650e-25
 1.332051e+2	4.495380e-25
 1.373340e+2	4.101990e-25
 1.416079e+2	3.741680e-25
 1.460321e+2	3.411810e-25
 1.506117e+2	3.109950e-25
 1.553522e+2	2.833850e-25
 1.602594e+2	2.581420e-25
 1.653390e+2	2.350730e-25
 1.705970e+2	2.140000e-25
 1.760399e+2	1.947580e-25
 1.816741e+2	1.771940e-25
 1.875062e+2	1.611690e-25
 1.935433e+2	1.465530e-25
 1.997926e+2	1.332270e-25
 2.062614e+2	1.210810e-25
 2.129577e+2	1.100140e-25
 2.198892e+2	9.993490e-26
 2.270643e+2	9.075750e-26
 2.344915e+2	8.240380e-26
 2.421798e+2	7.480230e-26
 2.501383e+2	6.788730e-26
 2.583764e+2	6.159850e-26
 2.669040e+2	5.588090e-26
 2.757313e+2	5.068400e-26
 2.848689e+2	4.596150e-26
 2.943275e+2	4.167120e-26
 3.041185e+2	3.777460e-26
 3.142536e+2	3.423640e-26
 3.247449e+2	3.102430e-26
 3.356049e+2	2.810890e-26
 3.468465e+2	2.546340e-26
 3.584832e+2	2.306340e-26
 3.705288e+2	2.088640e-26
 3.829977e+2	1.891210e-26
 3.959048e+2	1.712210e-26
 4.092655e+2	1.549940e-26
 4.230957e+2	1.402860e-26
 4.374119e+2	1.269570e-26
 4.522312e+2	1.148810e-26
 4.675713e+2	1.039410e-26
 4.834505e+2	9.403140e-27
 4.998877e+2	8.505730e-27
 5.169026e+2	7.693120e-27
 5.345154e+2	6.957420e-27
 5.527472e+2	6.291430e-27
 5.716196e+2	5.688630e-27
 5.911553e+2	5.143090e-27
 6.113775e+2	4.649440e-27
 6.323104e+2	4.202790e-27
 6.539789e+2	3.798720e-27
 6.764088e+2	3.433220e-27
 6.996270e+2	3.102620e-27
 7.236612e+2	2.803650e-27
 7.485399e+2	2.533280e-27
 7.742930e+2	2.288830e-27
 8.009510e+2	2.067810e-27
 8.285459e+2	1.868010e-27
 8.571105e+2	1.687400e-27
 8.866790e+2	1.524160e-27
 9.172865e+2	1.376620e-27
 9.489697e+2	1.243290e-27
 9.817663e+2	1.122810e-27
