 1.667083e+1	0.000000e+0
 1.667200e+1	1.966680e-25
 1.670597e+1	2.200690e-23
 1.674235e+1	4.556800e-23
 1.678000e+1	6.650120e-23
 1.681898e+1	7.943410e-23
 1.685933e+1	1.034580e-22
 1.690110e+1	1.224510e-22
 1.694433e+1	9.520070e-23
 1.698909e+1	7.531050e-23
 1.703541e+1	6.524230e-23
 1.708337e+1	5.949690e-23
 1.713301e+1	5.671270e-23
 1.718439e+1	5.470880e-23
 1.723758e+1	5.410000e-23
 1.729264e+1	5.410000e-23
 1.734963e+1	5.459630e-23
 1.740863e+1	5.526400e-23
 1.746970e+1	5.642430e-23
 1.753292e+1	5.792170e-23
 1.759835e+1	5.975390e-23
 1.766609e+1	6.171660e-23
 1.773621e+1	6.407600e-23
 1.780879e+1	6.691330e-23
 1.788392e+1	7.044450e-23
 1.796170e+1	7.416150e-23
 1.804220e+1	7.798360e-23
 1.812554e+1	8.192580e-23
 1.821180e+1	8.594850e-23
 1.830110e+1	8.930000e-23
 1.839353e+1	8.930000e-23
 1.848921e+1	7.668320e-23
 1.858826e+1	1.032390e-22
 1.869078e+1	1.150630e-22
 1.879691e+1	6.214810e-23
 1.890677e+1	5.840940e-23
 1.902048e+1	6.876870e-23
 1.913820e+1	7.230770e-23
 1.926005e+1	7.524090e-23
 1.938618e+1	7.763750e-23
 1.951675e+1	7.995910e-23
 1.965190e+1	8.124310e-23
 1.979180e+1	8.128690e-23
 1.993662e+1	7.940820e-23
 2.008653e+1	7.734610e-23
 2.024171e+1	7.796680e-23
 2.040234e+1	7.860940e-23
 2.056862e+1	7.927450e-23
 2.074074e+1	7.996290e-23
 2.091890e+1	8.067560e-23
 2.110333e+1	8.141330e-23
 2.129424e+1	8.217700e-23
 2.149186e+1	8.296740e-23
 2.169643e+1	8.378570e-23
 2.190818e+1	8.463270e-23
 2.212737e+1	8.550950e-23
 2.235427e+1	8.641710e-23
 2.258914e+1	8.735660e-23
 2.283226e+1	8.832910e-23
 2.308393e+1	8.925180e-23
 2.334444e+1	9.003330e-23
 2.361411e+1	9.084230e-23
 2.389326e+1	9.167980e-23
 2.418221e+1	9.236440e-23
 2.448132e+1	9.296260e-23
 2.479094e+1	9.358190e-23
 2.511144e+1	9.422290e-23
 2.544320e+1	9.488640e-23
 2.578662e+1	9.557320e-23
 2.614212e+1	9.642630e-23
 2.651010e+1	9.753030e-23
 2.689101e+1	9.867300e-23
 2.728532e+1	9.928530e-23
 2.769347e+1	9.969350e-23
 2.811598e+1	1.001160e-22
 2.855333e+1	1.005530e-22
 2.900604e+1	1.010060e-22
 2.947467e+1	1.014750e-22
 2.995977e+1	1.019600e-22
 3.046191e+1	1.024620e-22
 3.098170e+1	1.029820e-22
 3.151976e+1	1.035200e-22
 3.207673e+1	1.040260e-22
 3.265327e+1	1.042180e-22
 3.325007e+1	1.044170e-22
 3.386784e+1	1.046230e-22
 3.450732e+1	1.048360e-22
 3.516928e+1	1.050340e-22
 3.585449e+1	1.051710e-22
 3.656379e+1	1.053130e-22
 3.729802e+1	1.054600e-22
 3.805804e+1	1.056120e-22
 3.884478e+1	1.057690e-22
 3.965916e+1	1.059320e-22
 4.050216e+1	1.060000e-22
 4.137479e+1	1.060000e-22
 4.227808e+1	1.060000e-22
 4.321312e+1	1.060000e-22
 4.418101e+1	1.060000e-22
 4.518292e+1	1.059630e-22
 4.622004e+1	1.057560e-22
 4.729361e+1	1.055410e-22
 4.840490e+1	1.053190e-22
 4.955525e+1	1.050890e-22
 5.074602e+1	1.049250e-22
 5.197864e+1	1.048020e-22
 5.325457e+1	1.046750e-22
 5.457534e+1	1.045420e-22
 5.594253e+1	1.044060e-22
 5.735777e+1	1.042640e-22
 5.882274e+1	1.041180e-22
 6.033919e+1	1.039320e-22
 6.190893e+1	1.036180e-22
 6.353384e+1	1.032930e-22
 6.521585e+1	1.029570e-22
 6.695697e+1	1.026090e-22
 6.875927e+1	1.022480e-22
 7.062492e+1	1.018130e-22
 7.255612e+1	1.012330e-22
 7.455520e+1	1.006330e-22
 7.662452e+1	1.000130e-22
 7.876656e+1	9.937000e-23
 8.098389e+1	9.860640e-23
 8.327913e+1	9.768830e-23
 8.565503e+1	9.673800e-23
 8.811443e+1	9.575420e-23
 9.066025e+1	9.453780e-23
 9.329554e+1	9.269310e-23
 9.602344e+1	9.078360e-23
 9.884721e+1	8.880700e-23
 1.017702e+2	8.729190e-23
 1.047959e+2	8.608160e-23
 1.079280e+2	8.482880e-23
 1.111701e+2	8.353200e-23
 1.145261e+2	8.218950e-23
 1.180001e+2	8.079990e-23
 1.215962e+2	7.944130e-23
 1.253187e+2	7.813850e-23
 1.291719e+2	7.678980e-23
 1.331606e+2	7.539380e-23
 1.372894e+2	7.394870e-23
 1.415634e+2	7.268730e-23
 1.459875e+2	7.180250e-23
 1.505671e+2	7.088660e-23
 1.553077e+2	6.993850e-23
 1.602148e+2	6.895700e-23
 1.652944e+2	6.794110e-23
 1.705525e+2	6.687110e-23
 1.759954e+2	6.560110e-23
 1.816295e+2	6.428640e-23
 1.874617e+2	6.292560e-23
 1.934988e+2	6.151700e-23
 1.997480e+2	6.005880e-23
 2.062169e+2	5.912960e-23
 2.129131e+2	5.819220e-23
 2.198446e+2	5.722180e-23
 2.270197e+2	5.621720e-23
 2.344470e+2	5.517740e-23
 2.421353e+2	5.410110e-23
 2.500937e+2	5.298690e-23
 2.583318e+2	5.183350e-23
 2.668595e+2	5.063970e-23
 2.756868e+2	4.940380e-23
 2.848243e+2	4.812460e-23
 2.942830e+2	4.680040e-23
 3.040740e+2	4.559260e-23
 3.142091e+2	4.457910e-23
 3.247004e+2	4.353000e-23
 3.355603e+2	4.244400e-23
 3.468019e+2	4.131980e-23
 3.584386e+2	4.032490e-23
 3.704842e+2	3.936130e-23
 3.829531e+2	3.836370e-23
 3.958602e+2	3.733120e-23
 4.092209e+2	3.640990e-23
 4.230511e+2	3.552470e-23
 4.373673e+2	3.460850e-23
 4.521867e+2	3.367750e-23
 4.675268e+2	3.281850e-23
 4.834060e+2	3.192930e-23
 4.998432e+2	3.100880e-23
 5.168581e+2	3.032570e-23
 5.344709e+2	2.962120e-23
 5.527026e+2	2.889190e-23
 5.715751e+2	2.813700e-23
 5.911108e+2	2.735560e-23
 6.113330e+2	2.664870e-23
 6.322658e+2	2.599980e-23
 6.539343e+2	2.532800e-23
 6.763643e+2	2.463270e-23
 6.995825e+2	2.391290e-23
 7.236166e+2	2.338040e-23
 7.484954e+2	2.283310e-23
 7.742484e+2	2.226650e-23
 8.009065e+2	2.168280e-23
 8.285014e+2	2.115850e-23
 8.570660e+2	2.061570e-23
 8.866344e+2	2.005390e-23
 9.172420e+2	1.955860e-23
 9.489251e+2	1.911500e-23
 9.817217e+2	1.865590e-23
