 1.871138e+1	0.000000e+0
 1.871200e+1	3.248520e-26
 1.874652e+1	5.121780e-24
 1.878290e+1	7.444930e-24
 1.882055e+1	8.708330e-24
 1.885953e+1	9.195330e-24
 1.889988e+1	9.798240e-24
 1.894165e+1	1.264720e-23
 1.898488e+1	6.497670e-24
 1.902964e+1	6.711090e-24
 1.907596e+1	6.572110e-24
 1.912392e+1	6.523920e-24
 1.917356e+1	6.573560e-24
 1.922494e+1	6.674820e-24
 1.927813e+1	6.834390e-24
 1.933319e+1	6.999570e-24
 1.939018e+1	7.170550e-24
 1.944918e+1	7.396720e-24
 1.951025e+1	7.620500e-24
 1.957347e+1	7.746930e-24
 1.963890e+1	8.111240e-24
 1.970664e+1	8.606640e-24
 1.977676e+1	8.676760e-24
 1.984934e+1	9.193430e-24
 1.992447e+1	9.651050e-24
 2.000225e+1	9.513490e-24
 2.008275e+1	9.996520e-24
 2.016609e+1	1.069480e-23
 2.025235e+1	1.131410e-23
 2.034165e+1	1.172490e-23
 2.043408e+1	1.200220e-23
 2.052976e+1	1.228930e-23
 2.062881e+1	1.261520e-23
 2.073133e+1	1.302530e-23
 2.083746e+1	1.341240e-23
 2.094732e+1	1.374190e-23
 2.106103e+1	1.394880e-23
 2.117875e+1	1.404300e-23
 2.130060e+1	1.414050e-23
 2.142673e+1	1.424140e-23
 2.155730e+1	1.436880e-23
 2.169245e+1	1.453090e-23
 2.183236e+1	1.469880e-23
 2.197718e+1	1.487260e-23
 2.212708e+1	1.493810e-23
 2.228226e+1	1.498470e-23
 2.244289e+1	1.503290e-23
 2.260917e+1	1.508270e-23
 2.278129e+1	1.513440e-23
 2.295945e+1	1.518780e-23
 2.314388e+1	1.521440e-23
 2.333479e+1	1.523350e-23
 2.353241e+1	1.525320e-23
 2.373698e+1	1.527370e-23
 2.394873e+1	1.529490e-23
 2.416792e+1	1.526640e-23
 2.439482e+1	1.522100e-23
 2.462969e+1	1.517410e-23
 2.487281e+1	1.512540e-23
 2.512448e+1	1.508760e-23
 2.538499e+1	1.506150e-23
 2.565466e+1	1.503450e-23
 2.593381e+1	1.500660e-23
 2.622276e+1	1.497770e-23
 2.652187e+1	1.494780e-23
 2.683149e+1	1.491690e-23
 2.715199e+1	1.485440e-23
 2.748375e+1	1.475490e-23
 2.782717e+1	1.465180e-23
 2.818267e+1	1.452690e-23
 2.855065e+1	1.437970e-23
 2.893156e+1	1.422740e-23
 2.932587e+1	1.403710e-23
 2.973402e+1	1.383300e-23
 3.015653e+1	1.362170e-23
 3.059388e+1	1.340310e-23
 3.104659e+1	1.317670e-23
 3.151522e+1	1.294240e-23
 3.200032e+1	1.269990e-23
 3.250246e+1	1.252410e-23
 3.302225e+1	1.234220e-23
 3.356031e+1	1.215390e-23
 3.411728e+1	1.195310e-23
 3.469382e+1	1.172250e-23
 3.529062e+1	1.148380e-23
 3.590839e+1	1.123660e-23
 3.654787e+1	1.106300e-23
 3.720983e+1	1.089750e-23
 3.789504e+1	1.072620e-23
 3.860434e+1	1.060930e-23
 3.933857e+1	1.049920e-23
 4.009859e+1	1.038030e-23
 4.088533e+1	1.022290e-23
 4.169971e+1	1.006010e-23
 4.254271e+1	9.918590e-24
 4.341534e+1	9.787700e-24
 4.431863e+1	9.652210e-24
 4.525367e+1	9.511950e-24
 4.622156e+1	9.366770e-24
 4.722347e+1	9.216480e-24
 4.826059e+1	9.060910e-24
 4.933416e+1	8.899880e-24
 5.044545e+1	8.733180e-24
 5.159580e+1	8.560630e-24
 5.278657e+1	8.342690e-24
 5.401919e+1	8.097120e-24
 5.529512e+1	7.905730e-24
 5.661589e+1	7.707620e-24
 5.798308e+1	7.502540e-24
 5.939832e+1	7.290250e-24
 6.086329e+1	7.097870e-24
 6.237974e+1	6.925330e-24
 6.394948e+1	6.755330e-24
 6.557439e+1	6.587940e-24
 6.725640e+1	6.423180e-24
 6.899752e+1	6.261090e-24
 7.079982e+1	6.101710e-24
 7.266547e+1	5.945050e-24
 7.459667e+1	5.791140e-24
 7.659575e+1	5.640000e-24
 7.866507e+1	5.491640e-24
 8.080711e+1	5.346060e-24
 8.302444e+1	5.203290e-24
 8.531968e+1	5.063310e-24
 8.769558e+1	4.926130e-24
 9.015498e+1	4.791750e-24
 9.270080e+1	4.660150e-24
 9.533609e+1	4.531340e-24
 9.806399e+1	4.405290e-24
 1.008878e+2	4.281990e-24
 1.038108e+2	4.161420e-24
 1.068365e+2	4.043560e-24
 1.099685e+2	3.928400e-24
 1.132106e+2	3.815900e-24
 1.165667e+2	3.706030e-24
 1.200407e+2	3.598780e-24
 1.236368e+2	3.494110e-24
 1.273592e+2	3.391980e-24
 1.312125e+2	3.292370e-24
 1.352011e+2	3.195240e-24
 1.393300e+2	3.100550e-24
 1.436039e+2	3.008270e-24
 1.480281e+2	2.918370e-24
 1.526077e+2	2.830790e-24
 1.573482e+2	2.745500e-24
 1.622554e+2	2.662470e-24
 1.673349e+2	2.581650e-24
 1.725930e+2	2.503000e-24
 1.780359e+2	2.426480e-24
 1.836701e+2	2.352040e-24
 1.895022e+2	2.279660e-24
 1.955393e+2	2.209270e-24
 2.017886e+2	2.140850e-24
 2.082575e+2	2.074360e-24
 2.149537e+2	2.009740e-24
 2.218852e+2	1.946950e-24
 2.290603e+2	1.885970e-24
 2.364875e+2	1.826730e-24
 2.441758e+2	1.769220e-24
 2.521343e+2	1.713370e-24
 2.603724e+2	1.659160e-24
 2.689000e+2	1.606540e-24
 2.777273e+2	1.555480e-24
 2.868649e+2	1.505940e-24
 2.963235e+2	1.457870e-24
 3.061145e+2	1.411240e-24
 3.162496e+2	1.366010e-24
 3.267409e+2	1.322150e-24
 3.376009e+2	1.279620e-24
 3.488425e+2	1.238380e-24
 3.604792e+2	1.198400e-24
 3.725248e+2	1.159650e-24
 3.849937e+2	1.122100e-24
 3.979008e+2	1.085700e-24
 4.112615e+2	1.050430e-24
 4.250917e+2	1.016250e-24
 4.394079e+2	9.831410e-25
 4.542272e+2	9.510660e-25
 4.695673e+2	9.199960e-25
 4.854465e+2	8.899020e-25
 5.018838e+2	8.607570e-25
 5.188986e+2	8.325330e-25
 5.365114e+2	8.052020e-25
 5.547432e+2	7.787390e-25
 5.736156e+2	7.531170e-25
 5.931513e+2	7.283130e-25
 6.133735e+2	7.043020e-25
 6.343064e+2	6.810590e-25
 6.559749e+2	6.585620e-25
 6.784048e+2	6.367880e-25
 7.016230e+2	6.157150e-25
 7.256572e+2	5.953220e-25
 7.505359e+2	5.755890e-25
 7.762890e+2	5.564940e-25
 8.029470e+2	5.380180e-25
 8.305419e+2	5.201420e-25
 8.591065e+2	5.028480e-25
 8.886750e+2	4.861170e-25
 9.192825e+2	4.699320e-25
 9.509657e+2	4.542750e-25
 9.837623e+2	4.391300e-25
