 1.863679e+1	0.000000e+0
 1.863800e+1	3.520170e-25
 1.867193e+1	3.354940e-23
 1.870831e+1	4.423530e-23
 1.874596e+1	4.334040e-23
 1.878494e+1	4.250230e-23
 1.882529e+1	4.076190e-23
 1.886706e+1	3.883530e-23
 1.891029e+1	3.739410e-23
 1.895505e+1	3.725140e-23
 1.900137e+1	3.326160e-23
 1.904933e+1	3.191880e-23
 1.909897e+1	3.170410e-23
 1.915035e+1	3.190140e-23
 1.920354e+1	3.213190e-23
 1.925860e+1	3.262740e-23
 1.931559e+1	3.314030e-23
 1.937459e+1	3.367130e-23
 1.943566e+1	3.425660e-23
 1.949888e+1	3.488880e-23
 1.956431e+1	3.740820e-23
 1.963205e+1	3.819100e-23
 1.970217e+1	3.688480e-23
 1.977475e+1	3.637670e-23
 1.984988e+1	3.749700e-23
 1.992766e+1	3.924250e-23
 2.000816e+1	4.055510e-23
 2.009150e+1	4.213850e-23
 2.017776e+1	4.338870e-23
 2.026706e+1	4.437060e-23
 2.035949e+1	4.583030e-23
 2.045517e+1	4.723450e-23
 2.055422e+1	4.837350e-23
 2.065674e+1	4.958090e-23
 2.076287e+1	5.085440e-23
 2.087273e+1	5.199090e-23
 2.098644e+1	5.307120e-23
 2.110416e+1	5.370000e-23
 2.122601e+1	5.428480e-23
 2.135214e+1	5.489030e-23
 2.148271e+1	5.551700e-23
 2.161786e+1	5.614220e-23
 2.175776e+1	5.678570e-23
 2.190258e+1	5.745190e-23
 2.205249e+1	5.802600e-23
 2.220767e+1	5.839840e-23
 2.236830e+1	5.878390e-23
 2.253458e+1	5.918300e-23
 2.270670e+1	5.959610e-23
 2.288486e+1	6.002370e-23
 2.306929e+1	6.043170e-23
 2.326020e+1	6.079440e-23
 2.345782e+1	6.116990e-23
 2.366239e+1	6.155850e-23
 2.387414e+1	6.196090e-23
 2.409333e+1	6.231200e-23
 2.432023e+1	6.258430e-23
 2.455510e+1	6.286610e-23
 2.479822e+1	6.315790e-23
 2.504989e+1	6.345990e-23
 2.531040e+1	6.377250e-23
 2.558007e+1	6.409610e-23
 2.585922e+1	6.443110e-23
 2.614817e+1	6.467410e-23
 2.644728e+1	6.482360e-23
 2.675690e+1	6.497840e-23
 2.707740e+1	6.513870e-23
 2.740916e+1	6.530460e-23
 2.775258e+1	6.547630e-23
 2.810807e+1	6.560000e-23
 2.847606e+1	6.560000e-23
 2.885697e+1	6.560000e-23
 2.925128e+1	6.560000e-23
 2.965943e+1	6.560000e-23
 3.008194e+1	6.555900e-23
 3.051928e+1	6.534040e-23
 3.097200e+1	6.511400e-23
 3.144063e+1	6.487970e-23
 3.192573e+1	6.463710e-23
 3.242787e+1	6.430050e-23
 3.294766e+1	6.393660e-23
 3.348572e+1	6.356000e-23
 3.404269e+1	6.316800e-23
 3.461923e+1	6.273560e-23
 3.521603e+1	6.228800e-23
 3.583380e+1	6.182460e-23
 3.647328e+1	6.136870e-23
 3.713524e+1	6.090530e-23
 3.782045e+1	6.042570e-23
 3.852975e+1	5.992920e-23
 3.926397e+1	5.941520e-23
 4.002400e+1	5.888320e-23
 4.081074e+1	5.833250e-23
 4.162512e+1	5.776240e-23
 4.246812e+1	5.717230e-23
 4.334075e+1	5.656150e-23
 4.424404e+1	5.591700e-23
 4.517908e+1	5.521570e-23
 4.614697e+1	5.449710e-23
 4.714888e+1	5.379580e-23
 4.818600e+1	5.306980e-23
 4.925957e+1	5.231830e-23
 5.037086e+1	5.152190e-23
 5.152120e+1	5.065910e-23
 5.271198e+1	4.980160e-23
 5.394459e+1	4.893880e-23
 5.522053e+1	4.861520e-23
 5.654130e+1	4.830700e-23
 5.790849e+1	4.798800e-23
 5.932373e+1	4.765780e-23
 6.078870e+1	4.688370e-23
 6.230515e+1	4.574260e-23
 6.387489e+1	4.461850e-23
 6.549980e+1	4.351160e-23
 6.718181e+1	4.242220e-23
 6.892293e+1	4.135050e-23
 7.072523e+1	4.029680e-23
 7.259088e+1	3.926110e-23
 7.452208e+1	3.824370e-23
 7.652115e+1	3.724460e-23
 7.859048e+1	3.626390e-23
 8.073252e+1	3.530180e-23
 8.294984e+1	3.435810e-23
 8.524509e+1	3.343300e-23
 8.762099e+1	3.252650e-23
 9.008039e+1	3.163840e-23
 9.262621e+1	3.076880e-23
 9.526150e+1	2.991760e-23
 9.798940e+1	2.908480e-23
 1.008132e+2	2.827010e-23
 1.037362e+2	2.747350e-23
 1.067619e+2	2.669490e-23
 1.098939e+2	2.593410e-23
 1.131360e+2	2.519090e-23
 1.164921e+2	2.446520e-23
 1.199661e+2	2.375670e-23
 1.235622e+2	2.306530e-23
 1.272846e+2	2.239080e-23
 1.311379e+2	2.173290e-23
 1.351265e+2	2.109130e-23
 1.392554e+2	2.046600e-23
 1.435293e+2	1.985660e-23
 1.479535e+2	1.926280e-23
 1.525331e+2	1.868450e-23
 1.572736e+2	1.812130e-23
 1.621808e+2	1.757300e-23
 1.672603e+2	1.703930e-23
 1.725185e+2	1.652000e-23
 1.779613e+2	1.601470e-23
 1.835955e+2	1.552330e-23
 1.894276e+2	1.504530e-23
 1.954647e+2	1.458060e-23
 2.017140e+2	1.412890e-23
 2.081829e+2	1.368990e-23
 2.148791e+2	1.326330e-23
 2.218106e+2	1.284880e-23
 2.289857e+2	1.244620e-23
 2.364129e+2	1.205520e-23
 2.441012e+2	1.167550e-23
 2.520597e+2	1.130680e-23
 2.602978e+2	1.094900e-23
 2.688254e+2	1.060170e-23
 2.776528e+2	1.026460e-23
 2.867903e+2	9.937580e-24
 2.962489e+2	9.620290e-24
 3.060399e+2	9.312510e-24
 3.161750e+2	9.013990e-24
 3.266663e+2	8.724500e-24
 3.375263e+2	8.443790e-24
 3.487679e+2	8.171620e-24
 3.604046e+2	7.907780e-24
 3.724502e+2	7.652030e-24
 3.849191e+2	7.404150e-24
 3.978262e+2	7.163930e-24
 4.111869e+2	6.931150e-24
 4.250171e+2	6.705610e-24
 4.393333e+2	6.487100e-24
 4.541526e+2	6.275420e-24
 4.694927e+2	6.070380e-24
 4.853719e+2	5.871790e-24
 5.018092e+2	5.679450e-24
 5.188240e+2	5.493190e-24
 5.364368e+2	5.312830e-24
 5.546686e+2	5.138200e-24
 5.735411e+2	4.969130e-24
 5.930767e+2	4.805450e-24
 6.132989e+2	4.647000e-24
 6.342318e+2	4.493630e-24
 6.559003e+2	4.345170e-24
 6.783302e+2	4.201490e-24
 7.015484e+2	4.062440e-24
 7.255826e+2	3.927880e-24
 7.504613e+2	3.797660e-24
 7.762144e+2	3.671670e-24
 8.028724e+2	3.549750e-24
 8.304673e+2	3.431800e-24
 8.590319e+2	3.317690e-24
 8.886004e+2	3.207290e-24
 9.192079e+2	3.100500e-24
 9.508911e+2	2.997190e-24
 9.836877e+2	2.897260e-24
