 1.870407e+1	0.000000e+0
 1.870500e+1	2.360900e-25
 1.873921e+1	2.273440e-23
 1.877559e+1	2.852640e-23
 1.881324e+1	3.163110e-23
 1.885222e+1	3.326110e-23
 1.889257e+1	3.307430e-23
 1.893434e+1	3.340180e-23
 1.897757e+1	3.200390e-23
 1.902233e+1	2.746510e-23
 1.906865e+1	2.677020e-23
 1.911661e+1	2.631660e-23
 1.916625e+1	2.636620e-23
 1.921763e+1	2.650580e-23
 1.927082e+1	2.682490e-23
 1.932588e+1	2.720700e-23
 1.938287e+1	2.766300e-23
 1.944187e+1	2.826060e-23
 1.950294e+1	2.898450e-23
 1.956616e+1	3.080200e-23
 1.963159e+1	2.917900e-23
 1.969933e+1	3.248960e-23
 1.976945e+1	3.148880e-23
 1.984203e+1	3.167250e-23
 1.991716e+1	3.289180e-23
 1.999494e+1	3.421390e-23
 2.007544e+1	3.580890e-23
 2.015878e+1	3.729920e-23
 2.024504e+1	3.908100e-23
 2.033434e+1	4.091510e-23
 2.042677e+1	4.227480e-23
 2.052245e+1	4.361430e-23
 2.062150e+1	4.501170e-23
 2.072402e+1	4.649830e-23
 2.083015e+1	4.802210e-23
 2.094001e+1	4.956010e-23
 2.105372e+1	5.070090e-23
 2.117144e+1	5.136010e-23
 2.129329e+1	5.204240e-23
 2.141942e+1	5.274880e-23
 2.154999e+1	5.338990e-23
 2.168514e+1	5.390350e-23
 2.182504e+1	5.443520e-23
 2.196986e+1	5.498550e-23
 2.211977e+1	5.555510e-23
 2.227495e+1	5.614480e-23
 2.243558e+1	5.675520e-23
 2.260186e+1	5.720370e-23
 2.277398e+1	5.754790e-23
 2.295214e+1	5.790430e-23
 2.313657e+1	5.825950e-23
 2.332748e+1	5.862220e-23
 2.352510e+1	5.899770e-23
 2.372966e+1	5.938640e-23
 2.394142e+1	5.978870e-23
 2.416061e+1	6.004450e-23
 2.438751e+1	6.024880e-23
 2.462238e+1	6.046010e-23
 2.486550e+1	6.067890e-23
 2.511717e+1	6.087030e-23
 2.537768e+1	6.102660e-23
 2.564735e+1	6.118840e-23
 2.592650e+1	6.135590e-23
 2.621545e+1	6.135690e-23
 2.651456e+1	6.129710e-23
 2.682418e+1	6.123520e-23
 2.714468e+1	6.109870e-23
 2.747644e+1	6.086650e-23
 2.781986e+1	6.062610e-23
 2.817535e+1	6.030710e-23
 2.854334e+1	5.990230e-23
 2.892425e+1	5.948330e-23
 2.931856e+1	5.895400e-23
 2.972671e+1	5.838260e-23
 3.014922e+1	5.776130e-23
 3.058656e+1	5.706150e-23
 3.103928e+1	5.632930e-23
 3.150791e+1	5.548580e-23
 3.199301e+1	5.461260e-23
 3.249515e+1	5.378300e-23
 3.301494e+1	5.292530e-23
 3.355300e+1	5.203750e-23
 3.410997e+1	5.114600e-23
 3.468651e+1	5.033890e-23
 3.528331e+1	4.950340e-23
 3.590108e+1	4.863850e-23
 3.654056e+1	4.785130e-23
 3.720252e+1	4.705700e-23
 3.788773e+1	4.623470e-23
 3.859703e+1	4.547310e-23
 3.933125e+1	4.470220e-23
 4.009128e+1	4.392240e-23
 4.087802e+1	4.325370e-23
 4.169240e+1	4.256150e-23
 4.253540e+1	4.189840e-23
 4.340803e+1	4.124400e-23
 4.431132e+1	4.059760e-23
 4.524636e+1	3.998990e-23
 4.621425e+1	3.938220e-23
 4.721616e+1	3.883110e-23
 4.825328e+1	3.827340e-23
 4.932685e+1	3.773660e-23
 5.043814e+1	3.722470e-23
 5.158848e+1	3.676460e-23
 5.277926e+1	3.628830e-23
 5.401187e+1	3.579310e-23
 5.528781e+1	3.504880e-23
 5.660858e+1	3.427830e-23
 5.797577e+1	3.348080e-23
 5.939101e+1	3.265520e-23
 6.085598e+1	3.184570e-23
 6.237243e+1	3.107140e-23
 6.394217e+1	3.030860e-23
 6.556708e+1	2.955750e-23
 6.724909e+1	2.881820e-23
 6.899021e+1	2.809090e-23
 7.079251e+1	2.737580e-23
 7.265816e+1	2.667280e-23
 7.458936e+1	2.598230e-23
 7.658843e+1	2.530410e-23
 7.865776e+1	2.463840e-23
 8.079980e+1	2.398520e-23
 8.301712e+1	2.334460e-23
 8.531237e+1	2.271650e-23
 8.768827e+1	2.210100e-23
 9.014767e+1	2.149810e-23
 9.269349e+1	2.090760e-23
 9.532878e+1	2.032960e-23
 9.805668e+1	1.976410e-23
 1.008804e+2	1.921090e-23
 1.038034e+2	1.866990e-23
 1.068292e+2	1.814110e-23
 1.099612e+2	1.762440e-23
 1.132033e+2	1.711960e-23
 1.165594e+2	1.662670e-23
 1.200334e+2	1.614550e-23
 1.236294e+2	1.567590e-23
 1.273519e+2	1.521770e-23
 1.312052e+2	1.477080e-23
 1.351938e+2	1.433500e-23
 1.393227e+2	1.391020e-23
 1.435966e+2	1.349610e-23
 1.480207e+2	1.309280e-23
 1.526004e+2	1.269980e-23
 1.573409e+2	1.231720e-23
 1.622481e+2	1.194470e-23
 1.673276e+2	1.158210e-23
 1.725857e+2	1.122920e-23
 1.780286e+2	1.088590e-23
 1.836628e+2	1.055190e-23
 1.894949e+2	1.022720e-23
 1.955320e+2	9.911420e-24
 2.017813e+2	9.604460e-24
 2.082501e+2	9.306120e-24
 2.149463e+2	9.016200e-24
 2.218779e+2	8.734540e-24
 2.290530e+2	8.460930e-24
 2.364802e+2	8.195190e-24
 2.441685e+2	7.937140e-24
 2.521269e+2	7.686600e-24
 2.603651e+2	7.443390e-24
 2.688927e+2	7.207340e-24
 2.777200e+2	6.978250e-24
 2.868576e+2	6.755970e-24
 2.963162e+2	6.540310e-24
 3.061072e+2	6.331120e-24
 3.162423e+2	6.128210e-24
 3.267336e+2	5.931440e-24
 3.375936e+2	5.740630e-24
 3.488352e+2	5.555630e-24
 3.604719e+2	5.376290e-24
 3.725175e+2	5.202440e-24
 3.849864e+2	5.033940e-24
 3.978935e+2	4.870650e-24
 4.112541e+2	4.712410e-24
 4.250843e+2	4.559100e-24
 4.394006e+2	4.410550e-24
 4.542199e+2	4.266660e-24
 4.695600e+2	4.127270e-24
 4.854392e+2	3.992260e-24
 5.018764e+2	3.861510e-24
 5.188913e+2	3.734890e-24
 5.365041e+2	3.612270e-24
 5.547359e+2	3.493550e-24
 5.736083e+2	3.378610e-24
 5.931440e+2	3.267330e-24
 6.133662e+2	3.159610e-24
 6.342991e+2	3.055340e-24
 6.559676e+2	2.954410e-24
 6.783975e+2	2.856730e-24
 7.016157e+2	2.762200e-24
 7.256499e+2	2.670710e-24
 7.505286e+2	2.582180e-24
 7.762816e+2	2.496520e-24
 8.029397e+2	2.413630e-24
 8.305346e+2	2.333440e-24
 8.590992e+2	2.255850e-24
 8.886677e+2	2.180790e-24
 9.192752e+2	2.108180e-24
 9.509584e+2	2.037940e-24
 9.837550e+2	1.970000e-24
