 1.872638e+1	0.000000e+0
 1.872700e+1	1.657390e-26
 1.876152e+1	6.528190e-24
 1.879790e+1	1.068990e-23
 1.883555e+1	1.266660e-23
 1.887453e+1	1.324530e-23
 1.891488e+1	1.347680e-23
 1.895665e+1	1.706210e-23
 1.899988e+1	1.250710e-23
 1.904464e+1	1.263390e-23
 1.909096e+1	1.277290e-23
 1.913892e+1	1.326700e-23
 1.918856e+1	1.386270e-23
 1.923994e+1	1.439940e-23
 1.929313e+1	1.493130e-23
 1.934819e+1	1.543370e-23
 1.940518e+1	1.593630e-23
 1.946418e+1	1.634930e-23
 1.952525e+1	1.713660e-23
 1.958847e+1	1.745340e-23
 1.965390e+1	1.759370e-23
 1.972164e+1	1.870000e-23
 1.979176e+1	1.870000e-23
 1.986434e+1	1.940780e-23
 1.993947e+1	1.991840e-23
 2.001725e+1	2.015170e-23
 2.009775e+1	2.039330e-23
 2.018109e+1	2.031890e-23
 2.026735e+1	2.036740e-23
 2.035665e+1	2.056990e-23
 2.044908e+1	2.074910e-23
 2.054476e+1	2.084480e-23
 2.064381e+1	2.094380e-23
 2.074633e+1	2.104630e-23
 2.085246e+1	2.120490e-23
 2.096232e+1	2.142460e-23
 2.107603e+1	2.162170e-23
 2.119375e+1	2.181000e-23
 2.131560e+1	2.200500e-23
 2.144173e+1	2.220680e-23
 2.157230e+1	2.237230e-23
 2.170745e+1	2.250750e-23
 2.184735e+1	2.264740e-23
 2.199217e+1	2.279220e-23
 2.214208e+1	2.287100e-23
 2.229726e+1	2.294860e-23
 2.245789e+1	2.302890e-23
 2.262417e+1	2.311210e-23
 2.279629e+1	2.319810e-23
 2.297445e+1	2.328720e-23
 2.315888e+1	2.337940e-23
 2.334979e+1	2.347490e-23
 2.354741e+1	2.357370e-23
 2.375198e+1	2.367600e-23
 2.396373e+1	2.378190e-23
 2.418292e+1	2.380000e-23
 2.440982e+1	2.380000e-23
 2.464469e+1	2.380000e-23
 2.488781e+1	2.380000e-23
 2.513948e+1	2.375820e-23
 2.539999e+1	2.368000e-23
 2.566966e+1	2.359910e-23
 2.594881e+1	2.351540e-23
 2.623776e+1	2.328600e-23
 2.653687e+1	2.301680e-23
 2.684649e+1	2.273820e-23
 2.716699e+1	2.248310e-23
 2.749875e+1	2.225090e-23
 2.784217e+1	2.201050e-23
 2.819766e+1	2.180120e-23
 2.856565e+1	2.161720e-23
 2.894656e+1	2.142670e-23
 2.934087e+1	2.116140e-23
 2.974902e+1	2.087570e-23
 3.017153e+1	2.057140e-23
 3.060887e+1	2.024330e-23
 3.106159e+1	1.990380e-23
 3.153022e+1	1.955230e-23
 3.201532e+1	1.918930e-23
 3.251746e+1	1.883780e-23
 3.303725e+1	1.847390e-23
 3.357531e+1	1.809730e-23
 3.413228e+1	1.770080e-23
 3.470882e+1	1.726840e-23
 3.530562e+1	1.682080e-23
 3.592339e+1	1.635750e-23
 3.656287e+1	1.593410e-23
 3.722483e+1	1.550390e-23
 3.791004e+1	1.505850e-23
 3.861934e+1	1.469030e-23
 3.935356e+1	1.432320e-23
 4.011359e+1	1.393750e-23
 4.090033e+1	1.350480e-23
 4.171471e+1	1.305690e-23
 4.255771e+1	1.270480e-23
 4.343034e+1	1.239940e-23
 4.433363e+1	1.208320e-23
 4.526867e+1	1.175600e-23
 4.623656e+1	1.141720e-23
 4.723847e+1	1.106650e-23
 4.827559e+1	1.073110e-23
 4.934916e+1	1.046270e-23
 5.046045e+1	1.013880e-23
 5.161080e+1	9.736220e-24
 5.280157e+1	9.359530e-24
 5.403418e+1	8.993160e-24
 5.531012e+1	8.737980e-24
 5.663089e+1	8.473820e-24
 5.799808e+1	8.200380e-24
 5.941332e+1	7.917340e-24
 6.087829e+1	7.576560e-24
 6.239474e+1	7.212750e-24
 6.396448e+1	6.863080e-24
 6.558939e+1	6.527250e-24
 6.727140e+1	6.204920e-24
 6.901252e+1	5.895780e-24
 7.081482e+1	5.599490e-24
 7.268047e+1	5.315710e-24
 7.461167e+1	5.044100e-24
 7.661074e+1	4.784290e-24
 7.868007e+1	4.535940e-24
 8.082211e+1	4.298700e-24
 8.303943e+1	4.072190e-24
 8.533468e+1	3.856080e-24
 8.771058e+1	3.650000e-24
 9.016998e+1	3.453610e-24
 9.271580e+1	3.266550e-24
 9.535109e+1	3.088490e-24
 9.807899e+1	2.919070e-24
 1.009028e+2	2.757980e-24
 1.038257e+2	2.604880e-24
 1.068515e+2	2.459440e-24
 1.099835e+2	2.321360e-24
 1.132256e+2	2.190320e-24
 1.165817e+2	2.066030e-24
 1.200557e+2	1.948190e-24
 1.236518e+2	1.836520e-24
 1.273742e+2	1.730750e-24
 1.312275e+2	1.630600e-24
 1.352161e+2	1.535820e-24
 1.393450e+2	1.446150e-24
 1.436189e+2	1.361360e-24
 1.480431e+2	1.281210e-24
 1.526227e+2	1.205480e-24
 1.573632e+2	1.133940e-24
 1.622704e+2	1.066400e-24
 1.673500e+2	1.002640e-24
 1.726080e+2	9.424860e-25
 1.780509e+2	8.857450e-25
 1.836851e+2	8.322420e-25
 1.895172e+2	7.818070e-25
 1.955543e+2	7.342810e-25
 2.018036e+2	6.895080e-25
 2.082724e+2	6.473410e-25
 2.149686e+2	6.076410e-25
 2.219002e+2	5.702720e-25
 2.290753e+2	5.351070e-25
 2.365025e+2	5.020250e-25
 2.441908e+2	4.709110e-25
 2.521493e+2	4.416540e-25
 2.603874e+2	4.141500e-25
 2.689150e+2	3.883000e-25
 2.777423e+2	3.640100e-25
 2.868799e+2	3.411910e-25
 2.963385e+2	3.197580e-25
 3.061295e+2	2.996310e-25
 3.162646e+2	2.807350e-25
 3.267559e+2	2.629970e-25
 3.376159e+2	2.463490e-25
 3.488575e+2	2.307280e-25
 3.604942e+2	2.160730e-25
 3.725398e+2	2.023260e-25
 3.850087e+2	1.894330e-25
 3.979158e+2	1.773430e-25
 4.112765e+2	1.660080e-25
 4.251067e+2	1.553820e-25
 4.394229e+2	1.454230e-25
 4.542422e+2	1.360890e-25
 4.695823e+2	1.273430e-25
 4.854615e+2	1.191480e-25
 5.018988e+2	1.114720e-25
 5.189136e+2	1.042810e-25
 5.365264e+2	9.754720e-26
 5.547582e+2	9.124090e-26
 5.736306e+2	8.533600e-26
 5.931663e+2	7.980760e-26
 6.133885e+2	7.463210e-26
 6.343214e+2	6.978760e-26
 6.559899e+2	6.525340e-26
 6.784198e+2	6.100990e-26
 7.016380e+2	5.703890e-26
 7.256722e+2	5.332320e-26
 7.505509e+2	4.984670e-26
 7.763039e+2	4.659440e-26
 8.029620e+2	4.355190e-26
 8.305569e+2	4.070600e-26
 8.591215e+2	3.804420e-26
 8.886900e+2	3.555470e-26
 9.192975e+2	3.322650e-26
 9.509807e+2	3.104940e-26
 9.837773e+2	2.901370e-26
