 1.861270e+1	0.000000e+0
 1.861400e+1	1.684620e-25
 1.864784e+1	1.342110e-23
 1.868422e+1	9.851610e-24
 1.872187e+1	7.653130e-24
 1.876085e+1	6.687210e-24
 1.880120e+1	6.097590e-24
 1.884297e+1	6.014060e-24
 1.888620e+1	6.434430e-24
 1.893096e+1	7.657350e-24
 1.897728e+1	8.432400e-24
 1.902524e+1	6.851420e-24
 1.907488e+1	7.248770e-24
 1.912626e+1	7.736340e-24
 1.917945e+1	8.215050e-24
 1.923451e+1	8.538040e-24
 1.929150e+1	8.766020e-24
 1.935050e+1	9.077750e-24
 1.941157e+1	9.413640e-24
 1.947479e+1	9.761330e-24
 1.954022e+1	9.980450e-24
 1.960796e+1	1.023930e-23
 1.967808e+1	1.146640e-23
 1.975066e+1	1.134170e-23
 1.982579e+1	1.160640e-23
 1.990357e+1	1.221430e-23
 1.998407e+1	1.253630e-23
 2.006741e+1	1.199330e-23
 2.015367e+1	1.207570e-23
 2.024297e+1	1.282970e-23
 2.033540e+1	1.364780e-23
 2.043108e+1	1.430200e-23
 2.053013e+1	1.494580e-23
 2.063265e+1	1.556330e-23
 2.073878e+1	1.609390e-23
 2.084864e+1	1.671610e-23
 2.096235e+1	1.745530e-23
 2.108007e+1	1.803630e-23
 2.120192e+1	1.854810e-23
 2.132805e+1	1.907780e-23
 2.145862e+1	1.962620e-23
 2.159377e+1	2.011880e-23
 2.173367e+1	2.059450e-23
 2.187849e+1	2.108690e-23
 2.202840e+1	2.154830e-23
 2.218358e+1	2.181210e-23
 2.234421e+1	2.208520e-23
 2.251049e+1	2.236780e-23
 2.268261e+1	2.266040e-23
 2.286077e+1	2.296330e-23
 2.304520e+1	2.325420e-23
 2.323611e+1	2.348330e-23
 2.343373e+1	2.372050e-23
 2.363830e+1	2.396600e-23
 2.385005e+1	2.422010e-23
 2.406924e+1	2.445540e-23
 2.429614e+1	2.463690e-23
 2.453101e+1	2.482480e-23
 2.477413e+1	2.501930e-23
 2.502580e+1	2.520000e-23
 2.528631e+1	2.520000e-23
 2.555598e+1	2.520000e-23
 2.583513e+1	2.520000e-23
 2.612408e+1	2.517520e-23
 2.642319e+1	2.511540e-23
 2.673281e+1	2.505340e-23
 2.705331e+1	2.498930e-23
 2.738507e+1	2.492300e-23
 2.772849e+1	2.485430e-23
 2.808398e+1	2.477900e-23
 2.845197e+1	2.468700e-23
 2.883288e+1	2.459180e-23
 2.922719e+1	2.449320e-23
 2.963534e+1	2.439120e-23
 3.005785e+1	2.427110e-23
 3.049520e+1	2.405240e-23
 3.094791e+1	2.382600e-23
 3.141654e+1	2.359170e-23
 3.190164e+1	2.334920e-23
 3.240378e+1	2.299720e-23
 3.292357e+1	2.260730e-23
 3.346163e+1	2.220380e-23
 3.401860e+1	2.178420e-23
 3.459514e+1	2.129410e-23
 3.519194e+1	2.078690e-23
 3.580971e+1	2.026170e-23
 3.644919e+1	1.971820e-23
 3.711115e+1	1.915550e-23
 3.779636e+1	1.857310e-23
 3.850566e+1	1.802080e-23
 3.923988e+1	1.747010e-23
 3.999991e+1	1.690010e-23
 4.078665e+1	1.638870e-23
 4.160103e+1	1.585930e-23
 4.244403e+1	1.533360e-23
 4.331666e+1	1.481000e-23
 4.421995e+1	1.429000e-23
 4.515499e+1	1.382250e-23
 4.612288e+1	1.333860e-23
 4.712479e+1	1.283760e-23
 4.816191e+1	1.234330e-23
 4.923548e+1	1.196760e-23
 5.034677e+1	1.157860e-23
 5.149712e+1	1.117600e-23
 5.268789e+1	1.075920e-23
 5.392050e+1	1.032780e-23
 5.519644e+1	9.861310e-24
 5.651721e+1	9.377020e-24
 5.788440e+1	8.875720e-24
 5.929964e+1	8.356800e-24
 6.076461e+1	7.897440e-24
 6.228106e+1	7.517540e-24
 6.385080e+1	7.152450e-24
 6.547571e+1	6.801850e-24
 6.715772e+1	6.465400e-24
 6.889884e+1	6.142760e-24
 7.070114e+1	5.833570e-24
 7.256679e+1	5.537470e-24
 7.449799e+1	5.254100e-24
 7.649707e+1	4.983080e-24
 7.856639e+1	4.724040e-24
 8.070843e+1	4.476610e-24
 8.292575e+1	4.240420e-24
 8.522100e+1	4.015080e-24
 8.759690e+1	3.800230e-24
 9.005630e+1	3.595500e-24
 9.260212e+1	3.400520e-24
 9.523741e+1	3.214940e-24
 9.796531e+1	3.038390e-24
 1.007891e+2	2.870520e-24
 1.037121e+2	2.711000e-24
 1.067378e+2	2.559480e-24
 1.098698e+2	2.415630e-24
 1.131120e+2	2.279140e-24
 1.164680e+2	2.149680e-24
 1.199420e+2	2.026960e-24
 1.235381e+2	1.910670e-24
 1.272605e+2	1.800530e-24
 1.311138e+2	1.696250e-24
 1.351025e+2	1.597570e-24
 1.392313e+2	1.504230e-24
 1.435052e+2	1.415960e-24
 1.479294e+2	1.332540e-24
 1.525090e+2	1.253710e-24
 1.572495e+2	1.179260e-24
 1.621567e+2	1.108970e-24
 1.672363e+2	1.042620e-24
 1.724944e+2	9.800260e-25
 1.779372e+2	9.209880e-25
 1.835714e+2	8.653220e-25
 1.894035e+2	8.128520e-25
 1.954406e+2	7.634100e-25
 2.016899e+2	7.168350e-25
 2.081588e+2	6.729740e-25
 2.148550e+2	6.316790e-25
 2.217865e+2	5.928120e-25
 2.289616e+2	5.562400e-25
 2.363889e+2	5.218350e-25
 2.440771e+2	4.894780e-25
 2.520356e+2	4.590540e-25
 2.602737e+2	4.304540e-25
 2.688013e+2	4.035750e-25
 2.776287e+2	3.783200e-25
 2.867662e+2	3.545940e-25
 2.962248e+2	3.323110e-25
 3.060159e+2	3.113860e-25
 3.161510e+2	2.917420e-25
 3.266422e+2	2.733020e-25
 3.375022e+2	2.559970e-25
 3.487438e+2	2.397590e-25
 3.603805e+2	2.245250e-25
 3.724261e+2	2.102360e-25
 3.848950e+2	1.968350e-25
 3.978021e+2	1.842690e-25
 4.111628e+2	1.724880e-25
 4.249930e+2	1.614450e-25
 4.393092e+2	1.510940e-25
 4.541285e+2	1.413940e-25
 4.694686e+2	1.323040e-25
 4.853478e+2	1.237890e-25
 5.017851e+2	1.158120e-25
 5.187999e+2	1.083400e-25
 5.364127e+2	1.013420e-25
 5.546445e+2	9.478900e-26
 5.735170e+2	8.865330e-26
 5.930526e+2	8.290890e-26
 6.132748e+2	7.753130e-26
 6.342077e+2	7.249770e-26
 6.558762e+2	6.778660e-26
 6.783062e+2	6.337760e-26
 7.015244e+2	5.925190e-26
 7.255585e+2	5.539140e-26
 7.504372e+2	5.177960e-26
 7.761903e+2	4.840060e-26
 8.028483e+2	4.523980e-26
 8.304432e+2	4.228320e-26
 8.590078e+2	3.951780e-26
 8.885763e+2	3.693160e-26
 9.191838e+2	3.451300e-26
 9.508670e+2	3.225140e-26
 9.836636e+2	3.013660e-26
