 1.855511e+1	0.000000e+0
 1.855600e+1	1.902410e-25
 1.859025e+1	1.812550e-23
 1.862663e+1	1.121080e-23
 1.866429e+1	3.862870e-23
 1.870326e+1	2.039630e-23
 1.874361e+1	1.215550e-23
 1.878538e+1	1.180510e-23
 1.882861e+1	1.260100e-23
 1.887337e+1	1.372320e-23
 1.891969e+1	1.627550e-23
 1.896765e+1	3.152980e-23
 1.901729e+1	1.316920e-23
 1.906867e+1	1.337470e-23
 1.912186e+1	1.365300e-23
 1.917692e+1	1.403840e-23
 1.923391e+1	1.450520e-23
 1.929291e+1	1.503620e-23
 1.935398e+1	1.553190e-23
 1.941720e+1	1.610640e-23
 1.948264e+1	1.689160e-23
 1.955037e+1	1.793180e-23
 1.962049e+1	1.501720e-23
 1.969307e+1	1.755750e-23
 1.976821e+1	1.895950e-23
 1.984598e+1	2.041960e-23
 1.992648e+1	2.123520e-23
 2.000982e+1	2.066690e-23
 2.009608e+1	2.213340e-23
 2.018538e+1	2.390760e-23
 2.027781e+1	2.536720e-23
 2.037349e+1	2.650840e-23
 2.047254e+1	2.745280e-23
 2.057506e+1	2.837560e-23
 2.068119e+1	2.945250e-23
 2.079105e+1	3.060600e-23
 2.090477e+1	3.180000e-23
 2.102248e+1	3.300230e-23
 2.114433e+1	3.409900e-23
 2.127046e+1	3.523420e-23
 2.140103e+1	3.640930e-23
 2.153618e+1	3.762560e-23
 2.167609e+1	3.888480e-23
 2.182091e+1	4.018820e-23
 2.197082e+1	4.153730e-23
 2.212599e+1	4.209610e-23
 2.228662e+1	4.247360e-23
 2.245290e+1	4.286430e-23
 2.262502e+1	4.326880e-23
 2.280319e+1	4.368750e-23
 2.298761e+1	4.412090e-23
 2.317852e+1	4.456950e-23
 2.337614e+1	4.503390e-23
 2.358071e+1	4.551470e-23
 2.379246e+1	4.601230e-23
 2.401165e+1	4.652210e-23
 2.423855e+1	4.695320e-23
 2.447342e+1	4.739950e-23
 2.471655e+1	4.786140e-23
 2.496821e+1	4.833960e-23
 2.522873e+1	4.883460e-23
 2.549839e+1	4.934690e-23
 2.577754e+1	4.987730e-23
 2.606649e+1	5.033320e-23
 2.636560e+1	5.048280e-23
 2.667522e+1	5.063760e-23
 2.699572e+1	5.079790e-23
 2.732748e+1	5.096370e-23
 2.767091e+1	5.113550e-23
 2.802640e+1	5.128680e-23
 2.839438e+1	5.110280e-23
 2.877530e+1	5.091240e-23
 2.916960e+1	5.071520e-23
 2.957776e+1	5.051110e-23
 3.000026e+1	5.029980e-23
 3.043761e+1	4.988430e-23
 3.089033e+1	4.945420e-23
 3.135895e+1	4.900900e-23
 3.184405e+1	4.854820e-23
 3.234619e+1	4.791530e-23
 3.286599e+1	4.718760e-23
 3.340404e+1	4.643430e-23
 3.396101e+1	4.565460e-23
 3.453755e+1	4.490120e-23
 3.513435e+1	4.412530e-23
 3.575212e+1	4.332220e-23
 3.639160e+1	4.249090e-23
 3.705356e+1	4.163040e-23
 3.773877e+1	4.073960e-23
 3.844807e+1	3.959350e-23
 3.918230e+1	3.827190e-23
 3.994232e+1	3.690380e-23
 4.072906e+1	3.548770e-23
 4.154344e+1	3.402180e-23
 4.238644e+1	3.274590e-23
 4.325907e+1	3.172060e-23
 4.416236e+1	3.065920e-23
 4.509740e+1	2.956060e-23
 4.606529e+1	2.845270e-23
 4.706720e+1	2.772630e-23
 4.810432e+1	2.697440e-23
 4.917789e+1	2.619600e-23
 5.028918e+1	2.529930e-23
 5.143953e+1	2.410290e-23
 5.263030e+1	2.286450e-23
 5.386292e+1	2.158260e-23
 5.513885e+1	2.030840e-23
 5.645963e+1	1.943660e-23
 5.782681e+1	1.853430e-23
 5.924205e+1	1.760020e-23
 6.070702e+1	1.679600e-23
 6.222347e+1	1.614390e-23
 6.379321e+1	1.546890e-23
 6.541812e+1	1.477020e-23
 6.710013e+1	1.404690e-23
 6.884125e+1	1.329830e-23
 7.064356e+1	1.260050e-23
 7.250920e+1	1.202210e-23
 7.444040e+1	1.142350e-23
 7.643948e+1	1.080380e-23
 7.850880e+1	1.016230e-23
 8.065085e+1	9.576340e-24
 8.286817e+1	9.155050e-24
 8.516341e+1	8.718950e-24
 8.753931e+1	8.267530e-24
 8.999871e+1	7.800250e-24
 9.254453e+1	7.392870e-24
 9.517982e+1	6.971230e-24
 9.790772e+1	6.534760e-24
 1.007315e+2	6.110280e-24
 1.036545e+2	5.770530e-24
 1.066802e+2	5.447840e-24
 1.098123e+2	5.141500e-24
 1.130544e+2	4.850840e-24
 1.164104e+2	4.575180e-24
 1.198844e+2	4.313860e-24
 1.234805e+2	4.066260e-24
 1.272029e+2	3.831750e-24
 1.310562e+2	3.609750e-24
 1.350449e+2	3.399660e-24
 1.391737e+2	3.200940e-24
 1.434477e+2	3.013040e-24
 1.478718e+2	2.835440e-24
 1.524514e+2	2.667650e-24
 1.571919e+2	2.509180e-24
 1.620991e+2	2.359560e-24
 1.671787e+2	2.218350e-24
 1.724368e+2	2.085120e-24
 1.778796e+2	1.959470e-24
 1.835138e+2	1.841000e-24
 1.893459e+2	1.729340e-24
 1.953830e+2	1.624120e-24
 2.016323e+2	1.525010e-24
 2.081012e+2	1.431670e-24
 2.147974e+2	1.343800e-24
 2.217289e+2	1.261090e-24
 2.289040e+2	1.183270e-24
 2.363313e+2	1.110070e-24
 2.440195e+2	1.041220e-24
 2.519780e+2	9.764870e-25
 2.602161e+2	9.156370e-25
 2.687437e+2	8.584500e-25
 2.775711e+2	8.047170e-25
 2.867086e+2	7.542410e-25
 2.961672e+2	7.068340e-25
 3.059583e+2	6.623190e-25
 3.160934e+2	6.205270e-25
 3.265847e+2	5.813000e-25
 3.374446e+2	5.444860e-25
 3.486862e+2	5.099440e-25
 3.603229e+2	4.775380e-25
 3.723685e+2	4.471420e-25
 3.848374e+2	4.186370e-25
 3.977445e+2	3.919070e-25
 4.111052e+2	3.668480e-25
 4.249354e+2	3.433570e-25
 4.392516e+2	3.213400e-25
 4.540709e+2	3.007070e-25
 4.694111e+2	2.813750e-25
 4.852903e+2	2.632620e-25
 5.017275e+2	2.462950e-25
 5.187423e+2	2.304030e-25
 5.363551e+2	2.155200e-25
 5.545869e+2	2.015820e-25
 5.734594e+2	1.885330e-25
 5.929950e+2	1.763150e-25
 6.132173e+2	1.648780e-25
 6.341501e+2	1.541730e-25
 6.558186e+2	1.441530e-25
 6.782486e+2	1.347760e-25
 7.014668e+2	1.260020e-25
 7.255009e+2	1.177920e-25
 7.503796e+2	1.101110e-25
 7.761327e+2	1.029250e-25
 8.027908e+2	9.620260e-26
 8.303856e+2	8.991500e-26
 8.589502e+2	8.403410e-26
 8.885187e+2	7.853410e-26
 9.191263e+2	7.339080e-26
 9.508094e+2	6.858110e-26
 9.836060e+2	6.408400e-26
