 1.869336e+1	0.000000e+0
 1.869400e+1	4.366560e-26
 1.872850e+1	5.995140e-24
 1.876488e+1	6.875610e-24
 1.880253e+1	6.687330e-24
 1.884151e+1	6.607560e-24
 1.888186e+1	6.827940e-24
 1.892363e+1	7.526980e-24
 1.896686e+1	8.916630e-24
 1.901162e+1	8.085860e-24
 1.905794e+1	8.842980e-24
 1.910590e+1	9.694340e-24
 1.915554e+1	1.048860e-23
 1.920692e+1	1.129000e-23
 1.926011e+1	1.198140e-23
 1.931517e+1	1.263650e-23
 1.937216e+1	1.314950e-23
 1.943116e+1	1.364930e-23
 1.949223e+1	1.413780e-23
 1.955545e+1	1.497620e-23
 1.962088e+1	1.574920e-23
 1.968862e+1	1.516890e-23
 1.975874e+1	1.559860e-23
 1.983132e+1	1.664450e-23
 1.990645e+1	1.740650e-23
 1.998423e+1	1.748420e-23
 2.006473e+1	1.704690e-23
 2.014807e+1	1.680000e-23
 2.023433e+1	1.700600e-23
 2.032363e+1	1.758900e-23
 2.041606e+1	1.836060e-23
 2.051174e+1	1.930570e-23
 2.061079e+1	2.019710e-23
 2.071331e+1	2.111980e-23
 2.081944e+1	2.203610e-23
 2.092930e+1	2.280510e-23
 2.104301e+1	2.333440e-23
 2.116073e+1	2.342860e-23
 2.128258e+1	2.352610e-23
 2.140871e+1	2.362700e-23
 2.153928e+1	2.371570e-23
 2.167443e+1	2.376980e-23
 2.181433e+1	2.382570e-23
 2.195915e+1	2.388370e-23
 2.210906e+1	2.393270e-23
 2.226424e+1	2.397930e-23
 2.242487e+1	2.402750e-23
 2.259115e+1	2.407730e-23
 2.276327e+1	2.412900e-23
 2.294143e+1	2.418240e-23
 2.312586e+1	2.420000e-23
 2.331677e+1	2.420000e-23
 2.351439e+1	2.420000e-23
 2.371896e+1	2.420000e-23
 2.393071e+1	2.420000e-23
 2.414990e+1	2.415500e-23
 2.437680e+1	2.408700e-23
 2.461167e+1	2.401650e-23
 2.485479e+1	2.394360e-23
 2.510646e+1	2.385740e-23
 2.536697e+1	2.375320e-23
 2.563664e+1	2.364530e-23
 2.591579e+1	2.353370e-23
 2.620474e+1	2.337720e-23
 2.650385e+1	2.319770e-23
 2.681347e+1	2.301190e-23
 2.713397e+1	2.288660e-23
 2.746573e+1	2.285340e-23
 2.780915e+1	2.281910e-23
 2.816464e+1	2.280000e-23
 2.853263e+1	2.280000e-23
 2.891354e+1	2.280000e-23
 2.930785e+1	2.280000e-23
 2.971600e+1	2.280000e-23
 3.013851e+1	2.277230e-23
 3.057585e+1	2.268480e-23
 3.102857e+1	2.259430e-23
 3.149720e+1	2.250060e-23
 3.198230e+1	2.240350e-23
 3.248444e+1	2.208510e-23
 3.300423e+1	2.174720e-23
 3.354229e+1	2.139750e-23
 3.409926e+1	2.106530e-23
 3.467580e+1	2.086350e-23
 3.527260e+1	2.065460e-23
 3.589037e+1	2.043840e-23
 3.652985e+1	2.018810e-23
 3.719181e+1	1.992330e-23
 3.787702e+1	1.964920e-23
 3.858632e+1	1.933620e-23
 3.932054e+1	1.900580e-23
 4.008057e+1	1.867580e-23
 4.086731e+1	1.843980e-23
 4.168169e+1	1.819550e-23
 4.252469e+1	1.789010e-23
 4.339732e+1	1.754110e-23
 4.430061e+1	1.719480e-23
 4.523565e+1	1.686750e-23
 4.620354e+1	1.652880e-23
 4.720545e+1	1.617810e-23
 4.824257e+1	1.580300e-23
 4.931614e+1	1.537350e-23
 5.042743e+1	1.495040e-23
 5.157777e+1	1.454780e-23
 5.276855e+1	1.416940e-23
 5.400116e+1	1.379960e-23
 5.527710e+1	1.335300e-23
 5.659787e+1	1.289070e-23
 5.796506e+1	1.241220e-23
 5.938030e+1	1.191690e-23
 6.084527e+1	1.137720e-23
 6.236172e+1	1.083060e-23
 6.393146e+1	1.030530e-23
 6.555637e+1	9.800730e-24
 6.723838e+1	9.316520e-24
 6.897950e+1	8.852140e-24
 7.078180e+1	8.407080e-24
 7.264745e+1	7.980820e-24
 7.457865e+1	7.572850e-24
 7.657772e+1	7.182630e-24
 7.864705e+1	6.809630e-24
 8.078909e+1	6.453320e-24
 8.300641e+1	6.113150e-24
 8.530166e+1	5.788600e-24
 8.767756e+1	5.479130e-24
 9.013696e+1	5.184210e-24
 9.268278e+1	4.903320e-24
 9.531807e+1	4.635940e-24
 9.804597e+1	4.381560e-24
 1.008697e+2	4.139680e-24
 1.037927e+2	3.909800e-24
 1.068184e+2	3.691440e-24
 1.099505e+2	3.484130e-24
 1.131926e+2	3.287400e-24
 1.165487e+2	3.100800e-24
 1.200227e+2	2.923900e-24
 1.236187e+2	2.756260e-24
 1.273412e+2	2.597470e-24
 1.311944e+2	2.447130e-24
 1.351831e+2	2.304850e-24
 1.393120e+2	2.170260e-24
 1.435859e+2	2.042980e-24
 1.480100e+2	1.922680e-24
 1.525897e+2	1.809000e-24
 1.573302e+2	1.701630e-24
 1.622373e+2	1.600250e-24
 1.673169e+2	1.504560e-24
 1.725750e+2	1.414270e-24
 1.780179e+2	1.329110e-24
 1.836521e+2	1.248810e-24
 1.894842e+2	1.173120e-24
 1.955213e+2	1.101790e-24
 2.017706e+2	1.034600e-24
 2.082394e+2	9.713200e-25
 2.149356e+2	9.117410e-25
 2.218672e+2	8.556620e-25
 2.290423e+2	8.028920e-25
 2.364695e+2	7.532480e-25
 2.441578e+2	7.065570e-25
 2.521162e+2	6.626540e-25
 2.603544e+2	6.213820e-25
 2.688820e+2	5.825920e-25
 2.777093e+2	5.461440e-25
 2.868468e+2	5.119040e-25
 2.963055e+2	4.797430e-25
 3.060965e+2	4.495430e-25
 3.162316e+2	4.211900e-25
 3.267229e+2	3.945750e-25
 3.375829e+2	3.695960e-25
 3.488245e+2	3.461580e-25
 3.604611e+2	3.241690e-25
 3.725068e+2	3.035430e-25
 3.849757e+2	2.841990e-25
 3.978828e+2	2.660590e-25
 4.112434e+2	2.490520e-25
 4.250736e+2	2.331100e-25
 4.393899e+2	2.181670e-25
 4.542092e+2	2.041630e-25
 4.695493e+2	1.910410e-25
 4.854285e+2	1.787470e-25
 5.018657e+2	1.672300e-25
 5.188806e+2	1.564420e-25
 5.364934e+2	1.463390e-25
 5.547252e+2	1.368780e-25
 5.735976e+2	1.280190e-25
 5.931333e+2	1.197250e-25
 6.133555e+2	1.119600e-25
 6.342884e+2	1.046920e-25
 6.559569e+2	9.788990e-26
 6.783868e+2	9.152370e-26
 7.016050e+2	8.556630e-26
 7.256391e+2	7.999210e-26
 7.505179e+2	7.477670e-26
 7.762709e+2	6.989750e-26
 8.029290e+2	6.533320e-26
 8.305239e+2	6.106380e-26
 8.590885e+2	5.707060e-26
 8.886570e+2	5.333600e-26
 9.192645e+2	4.984340e-26
 9.509477e+2	4.657740e-26
 9.837442e+2	4.352350e-26
