 1.896595e+1	0.000000e+0
 1.896700e+1	3.309210e-25
 1.900109e+1	2.070920e-23
 1.903747e+1	2.337340e-23
 1.907512e+1	2.482940e-23
 1.911410e+1	2.596670e-23
 1.915445e+1	2.699800e-23
 1.919622e+1	2.791680e-23
 1.923945e+1	2.890740e-23
 1.928421e+1	2.993680e-23
 1.933053e+1	3.103280e-23
 1.937849e+1	3.218370e-23
 1.942813e+1	3.320630e-23
 1.947951e+1	3.413120e-23
 1.953270e+1	3.141670e-23
 1.958776e+1	4.269120e-23
 1.964475e+1	3.595330e-23
 1.970375e+1	3.527130e-23
 1.976482e+1	3.643160e-23
 1.982804e+1	3.774490e-23
 1.989347e+1	3.924990e-23
 1.996121e+1	4.086910e-23
 2.003133e+1	4.255190e-23
 2.010391e+1	4.427430e-23
 2.017904e+1	4.570180e-23
 2.025682e+1	4.717950e-23
 2.033732e+1	4.870920e-23
 2.042066e+1	5.033380e-23
 2.050692e+1	5.214540e-23
 2.059622e+1	5.402060e-23
 2.068865e+1	5.582870e-23
 2.078433e+1	5.769450e-23
 2.088338e+1	5.958420e-23
 2.098590e+1	6.153210e-23
 2.109203e+1	6.371420e-23
 2.120189e+1	6.599920e-23
 2.131560e+1	6.836460e-23
 2.143332e+1	7.081300e-23
 2.155517e+1	7.334750e-23
 2.168130e+1	7.597110e-23
 2.181187e+1	7.868680e-23
 2.194702e+1	8.149800e-23
 2.208693e+1	8.384300e-23
 2.223175e+1	8.591400e-23
 2.238165e+1	8.805770e-23
 2.253683e+1	9.027670e-23
 2.269746e+1	9.257370e-23
 2.286374e+1	9.495150e-23
 2.303586e+1	9.762070e-23
 2.321402e+1	1.012020e-22
 2.339845e+1	1.049090e-22
 2.358936e+1	1.087460e-22
 2.378698e+1	1.127180e-22
 2.399155e+1	1.168300e-22
 2.420330e+1	1.206590e-22
 2.442249e+1	1.246050e-22
 2.464939e+1	1.286890e-22
 2.488426e+1	1.329170e-22
 2.512738e+1	1.366560e-22
 2.537905e+1	1.399280e-22
 2.563956e+1	1.433140e-22
 2.590923e+1	1.468200e-22
 2.618838e+1	1.502610e-22
 2.647733e+1	1.537280e-22
 2.677644e+1	1.573170e-22
 2.708606e+1	1.611190e-22
 2.740656e+1	1.652850e-22
 2.773832e+1	1.695980e-22
 2.808174e+1	1.736540e-22
 2.843724e+1	1.764980e-22
 2.880522e+1	1.794420e-22
 2.918613e+1	1.826750e-22
 2.958044e+1	1.862240e-22
 2.998859e+1	1.898970e-22
 3.041110e+1	1.914390e-22
 3.084845e+1	1.929700e-22
 3.130116e+1	1.945540e-22
 3.176979e+1	1.961940e-22
 3.225489e+1	1.971270e-22
 3.275703e+1	1.973790e-22
 3.327682e+1	1.976380e-22
 3.381488e+1	1.979070e-22
 3.437185e+1	1.981860e-22
 3.494839e+1	1.984740e-22
 3.554519e+1	1.987730e-22
 3.616296e+1	1.990000e-22
 3.680244e+1	1.990000e-22
 3.746440e+1	1.990000e-22
 3.814961e+1	1.989250e-22
 3.885891e+1	1.985710e-22
 3.959314e+1	1.982030e-22
 4.035316e+1	1.978230e-22
 4.113990e+1	1.974300e-22
 4.195428e+1	1.970230e-22
 4.279728e+1	1.970000e-22
 4.366991e+1	1.970000e-22
 4.457320e+1	1.967130e-22
 4.550824e+1	1.962460e-22
 4.647613e+1	1.957620e-22
 4.747804e+1	1.952610e-22
 4.851516e+1	1.947420e-22
 4.958873e+1	1.942060e-22
 5.070002e+1	1.933000e-22
 5.185037e+1	1.921500e-22
 5.304114e+1	1.909590e-22
 5.427376e+1	1.898170e-22
 5.554969e+1	1.889670e-22
 5.687046e+1	1.880860e-22
 5.823765e+1	1.871750e-22
 5.965289e+1	1.862310e-22
 6.111786e+1	1.847700e-22
 6.263431e+1	1.831020e-22
 6.420405e+1	1.813760e-22
 6.582896e+1	1.795880e-22
 6.751097e+1	1.777380e-22
 6.925209e+1	1.758230e-22
 7.105439e+1	1.735240e-22
 7.292004e+1	1.709120e-22
 7.485124e+1	1.682080e-22
 7.685032e+1	1.654100e-22
 7.891964e+1	1.625130e-22
 8.106168e+1	1.596200e-22
 8.327901e+1	1.567370e-22
 8.557425e+1	1.537530e-22
 8.795015e+1	1.506650e-22
 9.040955e+1	1.475900e-22
 9.295537e+1	1.450450e-22
 9.559066e+1	1.424090e-22
 9.831856e+1	1.396810e-22
 1.011423e+2	1.364410e-22
 1.040653e+2	1.326090e-22
 1.070910e+2	1.288620e-22
 1.102231e+2	1.252010e-22
 1.134652e+2	1.216230e-22
 1.168213e+2	1.181290e-22
 1.202952e+2	1.147180e-22
 1.238913e+2	1.113880e-22
 1.276138e+2	1.081390e-22
 1.314670e+2	1.049690e-22
 1.354557e+2	1.018780e-22
 1.395846e+2	9.886480e-23
 1.438585e+2	9.592760e-23
 1.482826e+2	9.306550e-23
 1.528622e+2	9.027740e-23
 1.576028e+2	8.756190e-23
 1.625099e+2	8.491790e-23
 1.675895e+2	8.234410e-23
 1.728476e+2	7.983910e-23
 1.782905e+2	7.740180e-23
 1.839246e+2	7.503070e-23
 1.897568e+2	7.272470e-23
 1.957939e+2	7.048230e-23
 2.020431e+2	6.830220e-23
 2.085120e+2	6.618320e-23
 2.152082e+2	6.412390e-23
 2.221397e+2	6.212310e-23
 2.293149e+2	6.017930e-23
 2.367421e+2	5.829130e-23
 2.444304e+2	5.645780e-23
 2.523888e+2	5.467750e-23
 2.606270e+2	5.294920e-23
 2.691546e+2	5.127160e-23
 2.779819e+2	4.964350e-23
 2.871194e+2	4.806360e-23
 2.965781e+2	4.653070e-23
 3.063691e+2	4.504370e-23
 3.165042e+2	4.360130e-23
 3.269955e+2	4.220240e-23
 3.378555e+2	4.084590e-23
 3.490971e+2	3.953060e-23
 3.607337e+2	3.825540e-23
 3.727793e+2	3.701920e-23
 3.852482e+2	3.582110e-23
 3.981553e+2	3.465980e-23
 4.115160e+2	3.353450e-23
 4.253462e+2	3.244420e-23
 4.396624e+2	3.138770e-23
 4.544818e+2	3.036430e-23
 4.698219e+2	2.937280e-23
 4.857011e+2	2.841250e-23
 5.021383e+2	2.748250e-23
 5.191532e+2	2.658170e-23
 5.367660e+2	2.570950e-23
 5.549977e+2	2.486500e-23
 5.738702e+2	2.404720e-23
 5.934059e+2	2.325560e-23
 6.136281e+2	2.248920e-23
 6.345610e+2	2.174730e-23
 6.562294e+2	2.102920e-23
 6.786594e+2	2.033420e-23
 7.018776e+2	1.966150e-23
 7.259117e+2	1.901060e-23
 7.507905e+2	1.838060e-23
 7.765435e+2	1.777110e-23
 8.032016e+2	1.718120e-23
 8.307965e+2	1.661060e-23
 8.593611e+2	1.605840e-23
 8.889295e+2	1.552430e-23
 9.195371e+2	1.500760e-23
 9.512202e+2	1.450770e-23
 9.840168e+2	1.402410e-23
