 1.857583e+1	0.000000e+0
 1.857700e+1	3.405710e-25
 1.861097e+1	2.444600e-23
 1.864735e+1	3.417900e-23
 1.868501e+1	4.004810e-23
 1.872398e+1	3.014250e-23
 1.876433e+1	2.446680e-23
 1.880610e+1	2.100350e-23
 1.884933e+1	1.936000e-23
 1.889409e+1	1.934090e-23
 1.894041e+1	2.161570e-23
 1.898837e+1	1.938660e-23
 1.903801e+1	1.770000e-23
 1.908939e+1	1.785760e-23
 1.914258e+1	1.815550e-23
 1.919764e+1	1.848580e-23
 1.925463e+1	1.888240e-23
 1.931363e+1	1.930910e-23
 1.937470e+1	1.979760e-23
 1.943792e+1	2.026540e-23
 1.950336e+1	2.069160e-23
 1.957109e+1	2.052230e-23
 1.964121e+1	2.251720e-23
 1.971379e+1	1.955860e-23
 1.978893e+1	2.151210e-23
 1.986670e+1	2.320070e-23
 1.994720e+1	2.489130e-23
 2.003054e+1	2.636650e-23
 2.011680e+1	2.748560e-23
 2.020610e+1	2.897930e-23
 2.029853e+1	3.018090e-23
 2.039421e+1	3.142480e-23
 2.049326e+1	3.261910e-23
 2.059578e+1	3.384940e-23
 2.070191e+1	3.517390e-23
 2.081177e+1	3.652360e-23
 2.092548e+1	3.771760e-23
 2.104320e+1	3.872460e-23
 2.116505e+1	3.935830e-23
 2.129118e+1	4.001410e-23
 2.142175e+1	4.069310e-23
 2.155690e+1	4.139590e-23
 2.169681e+1	4.212340e-23
 2.184163e+1	4.287650e-23
 2.199153e+1	4.365600e-23
 2.214671e+1	4.425750e-23
 2.230734e+1	4.486790e-23
 2.247362e+1	4.549970e-23
 2.264574e+1	4.615380e-23
 2.282391e+1	4.683080e-23
 2.300833e+1	4.753170e-23
 2.319924e+1	4.825710e-23
 2.339686e+1	4.900810e-23
 2.360143e+1	4.978540e-23
 2.381318e+1	5.059010e-23
 2.403237e+1	5.137770e-23
 2.425927e+1	5.192220e-23
 2.449414e+1	5.248590e-23
 2.473726e+1	5.306940e-23
 2.498893e+1	5.367340e-23
 2.524945e+1	5.392450e-23
 2.551911e+1	5.416720e-23
 2.579826e+1	5.441840e-23
 2.608721e+1	5.464360e-23
 2.638632e+1	5.479320e-23
 2.669594e+1	5.494800e-23
 2.701644e+1	5.510000e-23
 2.734820e+1	5.510000e-23
 2.769163e+1	5.510000e-23
 2.804712e+1	5.507640e-23
 2.841510e+1	5.489240e-23
 2.879602e+1	5.470200e-23
 2.919032e+1	5.433360e-23
 2.959847e+1	5.376210e-23
 3.002098e+1	5.318010e-23
 3.045833e+1	5.276460e-23
 3.091104e+1	5.233450e-23
 3.137967e+1	5.188930e-23
 3.186477e+1	5.142850e-23
 3.236691e+1	5.095140e-23
 3.288671e+1	5.045760e-23
 3.342476e+1	4.994650e-23
 3.398173e+1	4.941740e-23
 3.455827e+1	4.886960e-23
 3.515507e+1	4.830270e-23
 3.577284e+1	4.771580e-23
 3.641232e+1	4.710830e-23
 3.707428e+1	4.647940e-23
 3.775949e+1	4.582850e-23
 3.846879e+1	4.515460e-23
 3.920302e+1	4.445710e-23
 3.996304e+1	4.373510e-23
 4.074978e+1	4.317520e-23
 4.156416e+1	4.260510e-23
 4.240716e+1	4.199460e-23
 4.327979e+1	4.134020e-23
 4.418308e+1	4.067180e-23
 4.511812e+1	4.001730e-23
 4.608601e+1	3.936130e-23
 4.708792e+1	3.891040e-23
 4.812504e+1	3.840620e-23
 4.919861e+1	3.760100e-23
 5.030990e+1	3.679550e-23
 5.146025e+1	3.603620e-23
 5.265102e+1	3.525030e-23
 5.388364e+1	3.443680e-23
 5.515957e+1	3.362340e-23
 5.648034e+1	3.298940e-23
 5.784753e+1	3.233320e-23
 5.926277e+1	3.165390e-23
 6.072774e+1	3.092490e-23
 6.224419e+1	3.017150e-23
 6.381393e+1	2.942930e-23
 6.543884e+1	2.869860e-23
 6.712085e+1	2.797940e-23
 6.886197e+1	2.727190e-23
 7.066427e+1	2.657640e-23
 7.252992e+1	2.589280e-23
 7.446112e+1	2.522120e-23
 7.646020e+1	2.456180e-23
 7.852952e+1	2.391460e-23
 8.067156e+1	2.327960e-23
 8.288889e+1	2.265680e-23
 8.518413e+1	2.204640e-23
 8.756003e+1	2.144810e-23
 9.001943e+1	2.086220e-23
 9.256525e+1	2.028840e-23
 9.520054e+1	1.972680e-23
 9.792844e+1	1.917730e-23
 1.007522e+2	1.863980e-23
 1.036752e+2	1.811430e-23
 1.067009e+2	1.760060e-23
 1.098330e+2	1.709870e-23
 1.130751e+2	1.660840e-23
 1.164311e+2	1.612970e-23
 1.199051e+2	1.566240e-23
 1.235012e+2	1.520630e-23
 1.272237e+2	1.476140e-23
 1.310769e+2	1.432750e-23
 1.350656e+2	1.390440e-23
 1.391944e+2	1.349190e-23
 1.434684e+2	1.309000e-23
 1.478925e+2	1.269840e-23
 1.524721e+2	1.231700e-23
 1.572127e+2	1.194560e-23
 1.621198e+2	1.158400e-23
 1.671994e+2	1.123210e-23
 1.724575e+2	1.088960e-23
 1.779004e+2	1.055650e-23
 1.835345e+2	1.023240e-23
 1.893667e+2	9.917270e-24
 1.954038e+2	9.610870e-24
 2.016530e+2	9.313030e-24
 2.081219e+2	9.023560e-24
 2.148181e+2	8.742280e-24
 2.217496e+2	8.469010e-24
 2.289247e+2	8.203570e-24
 2.363520e+2	7.945780e-24
 2.440403e+2	7.695450e-24
 2.519987e+2	7.452420e-24
 2.602368e+2	7.216500e-24
 2.687645e+2	6.987530e-24
 2.775918e+2	6.765330e-24
 2.867293e+2	6.549730e-24
 2.961880e+2	6.340570e-24
 3.059790e+2	6.137680e-24
 3.161141e+2	5.940890e-24
 3.266054e+2	5.750060e-24
 3.374653e+2	5.565020e-24
 3.487070e+2	5.385610e-24
 3.603436e+2	5.211690e-24
 3.723892e+2	5.043110e-24
 3.848581e+2	4.879720e-24
 3.977652e+2	4.721380e-24
 4.111259e+2	4.567940e-24
 4.249561e+2	4.419280e-24
 4.392723e+2	4.275250e-24
 4.540917e+2	4.135730e-24
 4.694318e+2	4.000580e-24
 4.853110e+2	3.869680e-24
 5.017482e+2	3.742910e-24
 5.187631e+2	3.620150e-24
 5.363759e+2	3.501280e-24
 5.546076e+2	3.386180e-24
 5.734801e+2	3.274740e-24
 5.930158e+2	3.166860e-24
 6.132380e+2	3.062430e-24
 6.341708e+2	2.961350e-24
 6.558393e+2	2.863510e-24
 6.782693e+2	2.768810e-24
 7.014875e+2	2.677170e-24
 7.255216e+2	2.588480e-24
 7.504004e+2	2.502660e-24
 7.761534e+2	2.419620e-24
 8.028115e+2	2.339280e-24
 8.304063e+2	2.261540e-24
 8.589710e+2	2.186340e-24
 8.885394e+2	2.113580e-24
 9.191470e+2	2.043200e-24
 9.508301e+2	1.975120e-24
 9.836267e+2	1.909260e-24
