 1.838162e+1	0.000000e+0
 1.838300e+1	7.160770e-26
 1.841676e+1	1.831940e-23
 1.845314e+1	3.021110e-23
 1.849080e+1	3.930570e-23
 1.852977e+1	7.127820e-23
 1.857012e+1	4.374060e-23
 1.861189e+1	7.447060e-23
 1.865512e+1	8.801740e-23
 1.869988e+1	8.539560e-24
 1.874620e+1	6.737960e-24
 1.879416e+1	6.258410e-24
 1.884380e+1	6.287600e-24
 1.889518e+1	6.390360e-24
 1.894837e+1	5.697370e-23
 1.900343e+1	1.632800e-23
 1.906042e+1	1.513110e-23
 1.911942e+1	1.420290e-23
 1.918049e+1	1.389750e-23
 1.924371e+1	1.371260e-23
 1.930915e+1	1.359090e-23
 1.937688e+1	1.352310e-23
 1.944700e+1	1.354700e-23
 1.951958e+1	1.395900e-23
 1.959472e+1	1.387000e-23
 1.967249e+1	1.263020e-23
 1.975299e+1	1.214100e-23
 1.983633e+1	1.279930e-23
 1.992259e+1	1.444850e-23
 2.001189e+1	1.535590e-23
 2.010432e+1	1.579030e-23
 2.020000e+1	1.624000e-23
 2.029905e+1	1.670550e-23
 2.040157e+1	1.718740e-23
 2.050770e+1	1.768620e-23
 2.061756e+1	1.820250e-23
 2.073127e+1	1.873700e-23
 2.084899e+1	1.929020e-23
 2.097084e+1	1.986290e-23
 2.109697e+1	2.035880e-23
 2.122754e+1	2.084190e-23
 2.136269e+1	2.134200e-23
 2.150260e+1	2.185960e-23
 2.164742e+1	2.239540e-23
 2.179732e+1	2.295010e-23
 2.195250e+1	2.352430e-23
 2.211313e+1	2.412990e-23
 2.227941e+1	2.476180e-23
 2.245153e+1	2.541580e-23
 2.262970e+1	2.609280e-23
 2.281412e+1	2.679370e-23
 2.300503e+1	2.750960e-23
 2.320265e+1	2.788500e-23
 2.340722e+1	2.827370e-23
 2.361897e+1	2.867600e-23
 2.383816e+1	2.909250e-23
 2.406506e+1	2.949760e-23
 2.429993e+1	2.984990e-23
 2.454305e+1	3.021460e-23
 2.479472e+1	3.059210e-23
 2.505524e+1	3.094970e-23
 2.532490e+1	3.119240e-23
 2.560405e+1	3.144360e-23
 2.589300e+1	3.170370e-23
 2.619211e+1	3.189610e-23
 2.650173e+1	3.205090e-23
 2.682223e+1	3.221110e-23
 2.715399e+1	3.237700e-23
 2.749741e+1	3.254870e-23
 2.785291e+1	3.272650e-23
 2.822089e+1	3.284420e-23
 2.860180e+1	3.292040e-23
 2.899611e+1	3.299920e-23
 2.940426e+1	3.308090e-23
 2.982677e+1	3.316540e-23
 3.026412e+1	3.314720e-23
 3.071683e+1	3.305660e-23
 3.118546e+1	3.296290e-23
 3.167056e+1	3.286590e-23
 3.217270e+1	3.275680e-23
 3.269250e+1	3.262690e-23
 3.323055e+1	3.249240e-23
 3.378752e+1	3.235310e-23
 3.436406e+1	3.211800e-23
 3.496086e+1	3.181960e-23
 3.557863e+1	3.151070e-23
 3.621811e+1	3.120180e-23
 3.688007e+1	3.090400e-23
 3.756528e+1	3.059560e-23
 3.827458e+1	3.013910e-23
 3.900881e+1	2.944160e-23
 3.976883e+1	2.871960e-23
 4.055557e+1	2.802780e-23
 4.136995e+1	2.733550e-23
 4.221295e+1	2.661900e-23
 4.308558e+1	2.587730e-23
 4.398887e+1	2.510950e-23
 4.492391e+1	2.431470e-23
 4.589180e+1	2.349200e-23
 4.689371e+1	2.264030e-23
 4.793083e+1	2.175880e-23
 4.900440e+1	2.084630e-23
 5.011569e+1	1.993060e-23
 5.126604e+1	1.924040e-23
 5.245681e+1	1.852590e-23
 5.368943e+1	1.778630e-23
 5.496536e+1	1.702080e-23
 5.628613e+1	1.622830e-23
 5.765332e+1	1.540800e-23
 5.906856e+1	1.455890e-23
 6.053353e+1	1.382220e-23
 6.204998e+1	1.331670e-23
 6.361972e+1	1.279340e-23
 6.524463e+1	1.225180e-23
 6.692664e+1	1.169110e-23
 6.866776e+1	1.111070e-23
 7.047006e+1	1.051000e-23
 7.233571e+1	9.888100e-24
 7.426691e+1	9.244360e-24
 7.626599e+1	8.792380e-24
 7.833531e+1	8.453010e-24
 8.047735e+1	8.101710e-24
 8.269468e+1	7.738070e-24
 8.498992e+1	7.361650e-24
 8.736582e+1	6.972010e-24
 8.982522e+1	6.568660e-24
 9.237104e+1	6.151150e-24
 9.500633e+1	5.718960e-24
 9.773423e+1	5.271590e-24
 1.005580e+2	4.845770e-24
 1.034810e+2	4.575880e-24
 1.065067e+2	4.319590e-24
 1.096388e+2	4.076320e-24
 1.128809e+2	3.845520e-24
 1.162369e+2	3.626670e-24
 1.197109e+2	3.419230e-24
 1.233070e+2	3.222710e-24
 1.270294e+2	3.036600e-24
 1.308827e+2	2.860430e-24
 1.348714e+2	2.693750e-24
 1.390002e+2	2.536090e-24
 1.432742e+2	2.387040e-24
 1.476983e+2	2.246180e-24
 1.522779e+2	2.113110e-24
 1.570185e+2	1.987440e-24
 1.619256e+2	1.868810e-24
 1.670052e+2	1.756860e-24
 1.722633e+2	1.651240e-24
 1.777062e+2	1.551640e-24
 1.833403e+2	1.457740e-24
 1.891725e+2	1.369240e-24
 1.952096e+2	1.285860e-24
 2.014588e+2	1.207320e-24
 2.079277e+2	1.133370e-24
 2.146239e+2	1.063750e-24
 2.215554e+2	9.982320e-25
 2.287305e+2	9.365860e-25
 2.361578e+2	8.786010e-25
 2.438460e+2	8.240710e-25
 2.518045e+2	7.728030e-25
 2.600426e+2	7.246140e-25
 2.685703e+2	6.793290e-25
 2.773976e+2	6.367820e-25
 2.865351e+2	5.968160e-25
 2.959937e+2	5.592820e-25
 3.057848e+2	5.240400e-25
 3.159199e+2	4.909560e-25
 3.264112e+2	4.599030e-25
 3.372711e+2	4.307620e-25
 3.485127e+2	4.034210e-25
 3.601494e+2	3.777730e-25
 3.721950e+2	3.537160e-25
 3.846639e+2	3.311560e-25
 3.975710e+2	3.100040e-25
 4.109317e+2	2.901730e-25
 4.247619e+2	2.715840e-25
 4.390781e+2	2.541630e-25
 4.538974e+2	2.378380e-25
 4.692376e+2	2.225410e-25
 4.851168e+2	2.082110e-25
 5.015540e+2	1.947870e-25
 5.185688e+2	1.822150e-25
 5.361817e+2	1.704400e-25
 5.544134e+2	1.594150e-25
 5.732859e+2	1.490920e-25
 5.928216e+2	1.394270e-25
 6.130438e+2	1.303810e-25
 6.339766e+2	1.219130e-25
 6.556451e+2	1.139880e-25
 6.780751e+2	1.065710e-25
 7.012933e+2	9.963150e-26
 7.253274e+2	9.313820e-26
 7.502061e+2	8.706320e-26
 7.759592e+2	8.138010e-26
 8.026173e+2	7.606400e-26
 8.302121e+2	7.109150e-26
 8.587768e+2	6.644090e-26
 8.883452e+2	6.209160e-26
 9.189528e+2	5.802430e-26
 9.506359e+2	5.422100e-26
 9.834325e+2	5.066490e-26
