 1.976060e+1	0.000000e+0
 1.976200e+1	2.233500e-27
 1.979574e+1	7.848990e-25
 1.983212e+1	1.384270e-24
 1.986977e+1	1.975460e-24
 1.990875e+1	2.564670e-24
 1.994910e+1	3.093230e-24
 1.999087e+1	3.640370e-24
 2.003410e+1	4.096930e-24
 2.007886e+1	4.539100e-24
 2.012518e+1	4.996800e-24
 2.017314e+1	5.470590e-24
 2.022278e+1	5.961030e-24
 2.027416e+1	6.468700e-24
 2.032735e+1	6.994220e-24
 2.038241e+1	7.538200e-24
 2.043940e+1	8.101300e-24
 2.049840e+1	8.684190e-24
 2.055947e+1	9.116290e-24
 2.062269e+1	9.558800e-24
 2.068812e+1	1.001690e-23
 2.075586e+1	1.049100e-23
 2.082598e+1	1.098190e-23
 2.089856e+1	1.148990e-23
 2.097369e+1	1.201590e-23
 2.105147e+1	1.243670e-23
 2.113197e+1	1.280710e-23
 2.121531e+1	1.319040e-23
 2.130157e+1	1.358720e-23
 2.139087e+1	1.399800e-23
 2.148330e+1	1.442320e-23
 2.157898e+1	1.486330e-23
 2.167803e+1	1.531890e-23
 2.178055e+1	1.579050e-23
 2.188668e+1	1.627870e-23
 2.199654e+1	1.678410e-23
 2.211025e+1	1.709770e-23
 2.222797e+1	1.741550e-23
 2.234982e+1	1.774450e-23
 2.247595e+1	1.808510e-23
 2.260652e+1	1.843760e-23
 2.274167e+1	1.880250e-23
 2.288157e+1	1.918020e-23
 2.302639e+1	1.953700e-23
 2.317630e+1	1.974680e-23
 2.333148e+1	1.996410e-23
 2.349211e+1	2.018900e-23
 2.365839e+1	2.042170e-23
 2.383051e+1	2.066270e-23
 2.400867e+1	2.090520e-23
 2.419310e+1	2.101590e-23
 2.438401e+1	2.113040e-23
 2.458163e+1	2.124900e-23
 2.478619e+1	2.137170e-23
 2.499795e+1	2.149880e-23
 2.521714e+1	2.152170e-23
 2.544404e+1	2.154440e-23
 2.567891e+1	2.156790e-23
 2.592203e+1	2.159220e-23
 2.617370e+1	2.156530e-23
 2.643421e+1	2.151320e-23
 2.670388e+1	2.145920e-23
 2.698303e+1	2.140340e-23
 2.727198e+1	2.126400e-23
 2.757109e+1	2.111450e-23
 2.788071e+1	2.095960e-23
 2.820121e+1	2.076920e-23
 2.853297e+1	2.055360e-23
 2.887639e+1	2.033030e-23
 2.923188e+1	2.009930e-23
 2.959987e+1	1.986010e-23
 2.998078e+1	1.961250e-23
 3.037509e+1	1.931870e-23
 3.078324e+1	1.901260e-23
 3.120575e+1	1.869570e-23
 3.164309e+1	1.836770e-23
 3.209581e+1	1.802810e-23
 3.256444e+1	1.767670e-23
 3.304954e+1	1.731280e-23
 3.355168e+1	1.693620e-23
 3.407147e+1	1.654640e-23
 3.460953e+1	1.614290e-23
 3.516650e+1	1.572510e-23
 3.574304e+1	1.529270e-23
 3.633984e+1	1.488760e-23
 3.695761e+1	1.450150e-23
 3.759709e+1	1.410180e-23
 3.825905e+1	1.368810e-23
 3.894426e+1	1.325980e-23
 3.965356e+1	1.281650e-23
 4.038778e+1	1.239640e-23
 4.114781e+1	1.199740e-23
 4.193455e+1	1.158440e-23
 4.274893e+1	1.115680e-23
 4.359193e+1	1.071420e-23
 4.446456e+1	1.031420e-23
 4.536785e+1	9.952860e-24
 4.630289e+1	9.578850e-24
 4.727078e+1	9.191690e-24
 4.827269e+1	8.790920e-24
 4.930981e+1	8.376080e-24
 5.038338e+1	7.977200e-24
 5.149467e+1	7.636610e-24
 5.264501e+1	7.306520e-24
 5.383579e+1	6.986870e-24
 5.506840e+1	6.677590e-24
 5.634434e+1	6.378590e-24
 5.766511e+1	6.089740e-24
 5.903230e+1	5.810930e-24
 6.044754e+1	5.542020e-24
 6.191251e+1	5.282850e-24
 6.342896e+1	5.033270e-24
 6.499870e+1	4.793090e-24
 6.662361e+1	4.562140e-24
 6.830562e+1	4.340220e-24
 7.004674e+1	4.127140e-24
 7.184904e+1	3.922680e-24
 7.371469e+1	3.726640e-24
 7.564589e+1	3.538790e-24
 7.764496e+1	3.358910e-24
 7.971429e+1	3.186780e-24
 8.185633e+1	3.022180e-24
 8.407365e+1	2.864870e-24
 8.636890e+1	2.714630e-24
 8.874480e+1	2.571220e-24
 9.120420e+1	2.434420e-24
 9.375002e+1	2.304000e-24
 9.638531e+1	2.179730e-24
 9.911321e+1	2.061400e-24
 1.019370e+2	1.948770e-24
 1.048600e+2	1.841640e-24
 1.078857e+2	1.739790e-24
 1.110177e+2	1.643010e-24
 1.142599e+2	1.551090e-24
 1.176159e+2	1.463840e-24
 1.210899e+2	1.381050e-24
 1.246860e+2	1.302540e-24
 1.284084e+2	1.228110e-24
 1.322617e+2	1.157600e-24
 1.362503e+2	1.090810e-24
 1.403792e+2	1.027590e-24
 1.446531e+2	9.677640e-25
 1.490773e+2	9.111760e-25
 1.536569e+2	8.576710e-25
 1.583974e+2	8.071030e-25
 1.633046e+2	7.593260e-25
 1.683842e+2	7.142040e-25
 1.736423e+2	6.716050e-25
 1.790851e+2	6.314020e-25
 1.847193e+2	5.934720e-25
 1.905514e+2	5.577000e-25
 1.965885e+2	5.239730e-25
 2.028378e+2	4.921840e-25
 2.093067e+2	4.622310e-25
 2.160029e+2	4.340160e-25
 2.229344e+2	4.074470e-25
 2.301095e+2	3.824330e-25
 2.375368e+2	3.588920e-25
 2.452250e+2	3.367410e-25
 2.531835e+2	3.159030e-25
 2.614216e+2	2.963070e-25
 2.699492e+2	2.778820e-25
 2.787766e+2	2.605630e-25
 2.879141e+2	2.442860e-25
 2.973727e+2	2.289930e-25
 3.071637e+2	2.146270e-25
 3.172989e+2	2.011350e-25
 3.277901e+2	1.884660e-25
 3.386501e+2	1.765720e-25
 3.498917e+2	1.654080e-25
 3.615284e+2	1.549320e-25
 3.735740e+2	1.451010e-25
 3.860429e+2	1.358790e-25
 3.989500e+2	1.272300e-25
 4.123107e+2	1.191180e-25
 4.261409e+2	1.115110e-25
 4.404571e+2	1.043800e-25
 4.552764e+2	9.769550e-26
 4.706165e+2	9.143040e-26
 4.864957e+2	8.555920e-26
 5.029330e+2	8.005800e-26
 5.199478e+2	7.490410e-26
 5.375606e+2	7.007610e-26
 5.557924e+2	6.555410e-26
 5.746649e+2	6.131910e-26
 5.942005e+2	5.735340e-26
 6.144227e+2	5.364020e-26
 6.353556e+2	5.016390e-26
 6.570241e+2	4.690970e-26
 6.794541e+2	4.386370e-26
 7.026722e+2	4.101280e-26
 7.267064e+2	3.834490e-26
 7.515851e+2	3.584830e-26
 7.773382e+2	3.351240e-26
 8.039962e+2	3.132690e-26
 8.315911e+2	2.928230e-26
 8.601557e+2	2.736980e-26
 8.897242e+2	2.558080e-26
 9.203317e+2	2.390760e-26
 9.520149e+2	2.234280e-26
 9.848115e+2	2.087940e-26
