 1.977977e+1	0.000000e+0
 1.978100e+1	4.740760e-27
 1.981491e+1	1.534820e-25
 1.985129e+1	3.172450e-25
 1.988894e+1	4.862430e-25
 1.992792e+1	6.606230e-25
 1.996827e+1	8.405390e-25
 2.001004e+1	1.026150e-24
 2.005327e+1	1.217600e-24
 2.009803e+1	1.415060e-24
 2.014435e+1	1.618700e-24
 2.019231e+1	1.828670e-24
 2.024195e+1	2.045150e-24
 2.029333e+1	2.268310e-24
 2.034652e+1	2.498320e-24
 2.040158e+1	2.735360e-24
 2.045857e+1	2.979610e-24
 2.051757e+1	3.231240e-24
 2.057864e+1	3.490450e-24
 2.064186e+1	3.757400e-24
 2.070729e+1	4.032300e-24
 2.077503e+1	4.315320e-24
 2.084515e+1	4.606650e-24
 2.091773e+1	4.906480e-24
 2.099286e+1	5.215000e-24
 2.107064e+1	5.532400e-24
 2.115114e+1	5.858860e-24
 2.123448e+1	6.194580e-24
 2.132074e+1	6.539750e-24
 2.141004e+1	6.894540e-24
 2.150247e+1	7.259140e-24
 2.159815e+1	7.633740e-24
 2.169720e+1	8.018510e-24
 2.179972e+1	8.413630e-24
 2.190585e+1	8.819280e-24
 2.201571e+1	9.235620e-24
 2.212942e+1	9.662810e-24
 2.224714e+1	1.010100e-23
 2.236899e+1	1.055040e-23
 2.249512e+1	1.101110e-23
 2.262569e+1	1.148320e-23
 2.276084e+1	1.196690e-23
 2.290075e+1	1.246230e-23
 2.304557e+1	1.296950e-23
 2.319547e+1	1.348860e-23
 2.335065e+1	1.401970e-23
 2.351128e+1	1.456280e-23
 2.367756e+1	1.511810e-23
 2.384968e+1	1.568560e-23
 2.402784e+1	1.626520e-23
 2.421227e+1	1.685710e-23
 2.440318e+1	1.746120e-23
 2.460080e+1	1.807750e-23
 2.480537e+1	1.870600e-23
 2.501712e+1	1.934660e-23
 2.523631e+1	1.999920e-23
 2.546321e+1	2.066370e-23
 2.569808e+1	2.134010e-23
 2.594120e+1	2.202800e-23
 2.619287e+1	2.272750e-23
 2.645338e+1	2.343820e-23
 2.672305e+1	2.416000e-23
 2.700220e+1	2.489250e-23
 2.729115e+1	2.563560e-23
 2.759026e+1	2.638880e-23
 2.789988e+1	2.715190e-23
 2.822038e+1	2.792450e-23
 2.855214e+1	2.870610e-23
 2.889556e+1	2.949630e-23
 2.925106e+1	3.029470e-23
 2.961904e+1	3.110080e-23
 2.999995e+1	3.191390e-23
 3.039426e+1	3.273360e-23
 3.080241e+1	3.355930e-23
 3.122492e+1	3.439020e-23
 3.166227e+1	3.522580e-23
 3.211498e+1	3.606530e-23
 3.258361e+1	3.690800e-23
 3.306871e+1	3.775320e-23
 3.357085e+1	3.860000e-23
 3.409064e+1	3.944760e-23
 3.462870e+1	4.029510e-23
 3.518567e+1	4.114170e-23
 3.576221e+1	4.198650e-23
 3.635901e+1	4.282850e-23
 3.697678e+1	4.366680e-23
 3.761626e+1	4.450040e-23
 3.827822e+1	4.532820e-23
 3.896343e+1	4.614940e-23
 3.967273e+1	4.696280e-23
 4.040696e+1	4.776740e-23
 4.116698e+1	4.856220e-23
 4.195372e+1	4.934600e-23
 4.276810e+1	5.011790e-23
 4.361110e+1	5.087680e-23
 4.448373e+1	5.162160e-23
 4.538702e+1	5.235120e-23
 4.632206e+1	5.306460e-23
 4.728995e+1	5.376080e-23
 4.829186e+1	5.443870e-23
 4.932898e+1	5.509740e-23
 5.040255e+1	5.573570e-23
 5.151384e+1	5.635280e-23
 5.266419e+1	5.694780e-23
 5.385496e+1	5.751960e-23
 5.508758e+1	5.806750e-23
 5.636351e+1	5.859060e-23
 5.768428e+1	5.908810e-23
 5.905147e+1	5.955920e-23
 6.046671e+1	6.000330e-23
 6.193168e+1	6.041960e-23
 6.344813e+1	6.080760e-23
 6.501787e+1	6.116660e-23
 6.664278e+1	6.149610e-23
 6.832479e+1	6.179580e-23
 7.006591e+1	6.206510e-23
 7.186821e+1	6.230380e-23
 7.373386e+1	6.251160e-23
 7.566506e+1	6.268820e-23
 7.766414e+1	6.283340e-23
 7.973346e+1	6.294720e-23
 8.187550e+1	6.302950e-23
 8.409283e+1	6.308040e-23
 8.638807e+1	6.309980e-23
 8.876397e+1	6.308800e-23
 9.122337e+1	6.304510e-23
 9.376919e+1	6.297140e-23
 9.640448e+1	6.286710e-23
 9.913238e+1	6.273270e-23
 1.019561e+2	6.256860e-23
 1.048791e+2	6.237510e-23
 1.079049e+2	6.215290e-23
 1.110369e+2	6.190250e-23
 1.142790e+2	6.162450e-23
 1.176351e+2	6.131960e-23
 1.211091e+2	6.098830e-23
 1.247051e+2	6.063150e-23
 1.284276e+2	6.024990e-23
 1.322808e+2	5.984420e-23
 1.362695e+2	5.941540e-23
 1.403984e+2	5.896420e-23
 1.446723e+2	5.849140e-23
 1.490965e+2	5.799810e-23
 1.536761e+2	5.748490e-23
 1.584166e+2	5.695300e-23
 1.633237e+2	5.640310e-23
 1.684033e+2	5.583630e-23
 1.736614e+2	5.525340e-23
 1.791043e+2	5.465540e-23
 1.847385e+2	5.404320e-23
 1.905706e+2	5.341770e-23
 1.966077e+2	5.277990e-23
 2.028570e+2	5.213070e-23
 2.093258e+2	5.147090e-23
 2.160220e+2	5.080160e-23
 2.229536e+2	5.012360e-23
 2.301287e+2	4.943770e-23
 2.375559e+2	4.874480e-23
 2.452442e+2	4.804580e-23
 2.532027e+2	4.734150e-23
 2.614408e+2	4.663270e-23
 2.699684e+2	4.592010e-23
 2.787957e+2	4.520450e-23
 2.879332e+2	4.448670e-23
 2.973919e+2	4.376730e-23
 3.071829e+2	4.304710e-23
 3.173180e+2	4.232670e-23
 3.278093e+2	4.160680e-23
 3.386693e+2	4.088790e-23
 3.499109e+2	4.017070e-23
 3.615476e+2	3.945570e-23
 3.735932e+2	3.874350e-23
 3.860621e+2	3.803450e-23
 3.989692e+2	3.732930e-23
 4.123299e+2	3.662830e-23
 4.261601e+2	3.593200e-23
 4.404763e+2	3.524070e-23
 4.552956e+2	3.455490e-23
 4.706357e+2	3.387490e-23
 4.865149e+2	3.320110e-23
 5.029521e+2	3.253380e-23
 5.199670e+2	3.187320e-23
 5.375798e+2	3.121970e-23
 5.558116e+2	3.057350e-23
 5.746840e+2	2.993480e-23
 5.942197e+2	2.930390e-23
 6.144419e+2	2.868090e-23
 6.353748e+2	2.806610e-23
 6.570433e+2	2.745960e-23
 6.794732e+2	2.686140e-23
 7.026914e+2	2.627190e-23
 7.267255e+2	2.569100e-23
 7.516043e+2	2.511880e-23
 7.773573e+2	2.455550e-23
 8.040154e+2	2.400100e-23
 8.316103e+2	2.345560e-23
 8.601749e+2	2.291910e-23
 8.897434e+2	2.239160e-23
 9.203509e+2	2.187320e-23
 9.520341e+2	2.136380e-23
 9.848306e+2	2.086350e-23
