 1.968819e+1	0.000000e+0
 1.968900e+1	3.663250e-27
 1.972333e+1	1.198470e-25
 1.975971e+1	2.476800e-25
 1.979737e+1	3.795980e-25
 1.983634e+1	5.157160e-25
 1.987669e+1	6.561530e-25
 1.991846e+1	8.010300e-25
 1.996169e+1	9.504690e-25
 2.000645e+1	1.104600e-24
 2.005277e+1	1.263540e-24
 2.010073e+1	1.427430e-24
 2.015037e+1	1.596390e-24
 2.020175e+1	1.770560e-24
 2.025494e+1	1.950080e-24
 2.031000e+1	2.135080e-24
 2.036699e+1	2.325700e-24
 2.042599e+1	2.522090e-24
 2.048706e+1	2.724370e-24
 2.055028e+1	2.932710e-24
 2.061572e+1	3.147230e-24
 2.068345e+1	3.368090e-24
 2.075357e+1	3.595430e-24
 2.082615e+1	3.829400e-24
 2.090129e+1	4.070140e-24
 2.097906e+1	4.317810e-24
 2.105956e+1	4.572540e-24
 2.114290e+1	4.834490e-24
 2.122916e+1	5.103800e-24
 2.131846e+1	5.380620e-24
 2.141089e+1	5.665080e-24
 2.150657e+1	5.957330e-24
 2.160562e+1	6.257520e-24
 2.170814e+1	6.565760e-24
 2.181427e+1	6.882210e-24
 2.192413e+1	7.206990e-24
 2.203784e+1	7.540220e-24
 2.215556e+1	7.882030e-24
 2.227741e+1	8.232540e-24
 2.240354e+1	8.591850e-24
 2.253411e+1	8.960080e-24
 2.266926e+1	9.337320e-24
 2.280917e+1	9.723670e-24
 2.295399e+1	1.011920e-23
 2.310389e+1	1.052400e-23
 2.325907e+1	1.093820e-23
 2.341970e+1	1.136170e-23
 2.358598e+1	1.179460e-23
 2.375810e+1	1.223710e-23
 2.393627e+1	1.268900e-23
 2.412069e+1	1.315050e-23
 2.431160e+1	1.362140e-23
 2.450922e+1	1.410180e-23
 2.471379e+1	1.459170e-23
 2.492554e+1	1.509100e-23
 2.514473e+1	1.559970e-23
 2.537163e+1	1.611760e-23
 2.560650e+1	1.664470e-23
 2.584962e+1	1.718080e-23
 2.610129e+1	1.772580e-23
 2.636181e+1	1.827960e-23
 2.663147e+1	1.884190e-23
 2.691062e+1	1.941260e-23
 2.719957e+1	1.999150e-23
 2.749868e+1	2.057820e-23
 2.780830e+1	2.117260e-23
 2.812880e+1	2.177430e-23
 2.846056e+1	2.238300e-23
 2.880399e+1	2.299830e-23
 2.915948e+1	2.362000e-23
 2.952746e+1	2.424760e-23
 2.990838e+1	2.488070e-23
 3.030268e+1	2.551880e-23
 3.071083e+1	2.616150e-23
 3.113334e+1	2.680820e-23
 3.157069e+1	2.745850e-23
 3.202340e+1	2.811180e-23
 3.249203e+1	2.876750e-23
 3.297713e+1	2.942500e-23
 3.347927e+1	3.008380e-23
 3.399907e+1	3.074310e-23
 3.453712e+1	3.140220e-23
 3.509409e+1	3.206060e-23
 3.567063e+1	3.271750e-23
 3.626743e+1	3.337220e-23
 3.688520e+1	3.402380e-23
 3.752468e+1	3.467170e-23
 3.818664e+1	3.531510e-23
 3.887185e+1	3.595320e-23
 3.958115e+1	3.658520e-23
 4.031538e+1	3.721030e-23
 4.107540e+1	3.782760e-23
 4.186214e+1	3.843630e-23
 4.267652e+1	3.903570e-23
 4.351952e+1	3.962480e-23
 4.439215e+1	4.020290e-23
 4.529544e+1	4.076910e-23
 4.623048e+1	4.132260e-23
 4.719837e+1	4.186260e-23
 4.820028e+1	4.238830e-23
 4.923740e+1	4.289900e-23
 5.031097e+1	4.339380e-23
 5.142226e+1	4.387200e-23
 5.257261e+1	4.433280e-23
 5.376338e+1	4.477570e-23
 5.499600e+1	4.519980e-23
 5.627193e+1	4.560460e-23
 5.759270e+1	4.598940e-23
 5.895989e+1	4.635370e-23
 6.037513e+1	4.669680e-23
 6.184010e+1	4.701830e-23
 6.335655e+1	4.731770e-23
 6.492629e+1	4.759460e-23
 6.655120e+1	4.784850e-23
 6.823321e+1	4.807910e-23
 6.997433e+1	4.828620e-23
 7.177663e+1	4.846930e-23
 7.364228e+1	4.862840e-23
 7.557348e+1	4.876320e-23
 7.757256e+1	4.887360e-23
 7.964188e+1	4.895960e-23
 8.178392e+1	4.902110e-23
 8.400125e+1	4.905810e-23
 8.629649e+1	4.907070e-23
 8.867239e+1	4.905900e-23
 9.113179e+1	4.902310e-23
 9.367761e+1	4.896330e-23
 9.631290e+1	4.887980e-23
 9.904080e+1	4.877290e-23
 1.018646e+2	4.864290e-23
 1.047876e+2	4.849010e-23
 1.078133e+2	4.831500e-23
 1.109453e+2	4.811800e-23
 1.141874e+2	4.789960e-23
 1.175435e+2	4.766030e-23
 1.210175e+2	4.740060e-23
 1.246136e+2	4.712110e-23
 1.283360e+2	4.682230e-23
 1.321893e+2	4.650500e-23
 1.361780e+2	4.616960e-23
 1.403068e+2	4.581700e-23
 1.445807e+2	4.544760e-23
 1.490049e+2	4.506230e-23
 1.535845e+2	4.466170e-23
 1.583250e+2	4.424660e-23
 1.632322e+2	4.381760e-23
 1.683118e+2	4.337540e-23
 1.735699e+2	4.292080e-23
 1.790127e+2	4.245460e-23
 1.846469e+2	4.197740e-23
 1.904790e+2	4.148990e-23
 1.965161e+2	4.099290e-23
 2.027654e+2	4.048720e-23
 2.092343e+2	3.997330e-23
 2.159305e+2	3.945200e-23
 2.228620e+2	3.892410e-23
 2.300371e+2	3.839010e-23
 2.374643e+2	3.785070e-23
 2.451526e+2	3.730670e-23
 2.531111e+2	3.675850e-23
 2.613492e+2	3.620690e-23
 2.698768e+2	3.565250e-23
 2.787042e+2	3.509580e-23
 2.878417e+2	3.453740e-23
 2.973003e+2	3.397780e-23
 3.070913e+2	3.341770e-23
 3.172264e+2	3.285750e-23
 3.277177e+2	3.229770e-23
 3.385777e+2	3.173870e-23
 3.498193e+2	3.118110e-23
 3.614560e+2	3.062530e-23
 3.735016e+2	3.007160e-23
 3.859705e+2	2.952060e-23
 3.988776e+2	2.897250e-23
 4.122383e+2	2.842770e-23
 4.260685e+2	2.788650e-23
 4.403847e+2	2.734940e-23
 4.552040e+2	2.681650e-23
 4.705441e+2	2.628810e-23
 4.864233e+2	2.576460e-23
 5.028606e+2	2.524620e-23
 5.198754e+2	2.473300e-23
 5.374882e+2	2.422540e-23
 5.557200e+2	2.372340e-23
 5.745924e+2	2.322740e-23
 5.941281e+2	2.273740e-23
 6.143503e+2	2.225360e-23
 6.352832e+2	2.177610e-23
 6.569517e+2	2.130510e-23
 6.793816e+2	2.084060e-23
 7.025998e+2	2.038280e-23
 7.266340e+2	1.993170e-23
 7.515127e+2	1.948750e-23
 7.772658e+2	1.905010e-23
 8.039238e+2	1.861970e-23
 8.315187e+2	1.819620e-23
 8.600833e+2	1.777970e-23
 8.896518e+2	1.737030e-23
 9.202593e+2	1.696780e-23
 9.519425e+2	1.657240e-23
 9.847391e+2	1.618400e-23
