 1.966403e+1	0.000000e+0
 1.966500e+1	1.595950e-27
 1.969917e+1	5.608510e-25
 1.973555e+1	1.141410e-24
 1.977320e+1	1.742380e-24
 1.981218e+1	2.361300e-24
 1.985253e+1	2.994770e-24
 1.989430e+1	3.650500e-24
 1.993753e+1	4.310510e-24
 1.998229e+1	4.990760e-24
 2.002861e+1	5.651430e-24
 2.007657e+1	6.307440e-24
 2.012621e+1	6.986510e-24
 2.017759e+1	7.689450e-24
 2.023078e+1	8.417090e-24
 2.028584e+1	9.170290e-24
 2.034283e+1	9.949970e-24
 2.040183e+1	1.075700e-23
 2.046290e+1	1.159250e-23
 2.052612e+1	1.239770e-23
 2.059155e+1	1.314370e-23
 2.065929e+1	1.391590e-23
 2.072941e+1	1.471530e-23
 2.080199e+1	1.554270e-23
 2.087712e+1	1.639920e-23
 2.095490e+1	1.728580e-23
 2.103540e+1	1.810090e-23
 2.111874e+1	1.880930e-23
 2.120500e+1	1.954250e-23
 2.129430e+1	2.030150e-23
 2.138673e+1	2.108720e-23
 2.148241e+1	2.190050e-23
 2.158146e+1	2.274240e-23
 2.168398e+1	2.361380e-23
 2.179011e+1	2.451590e-23
 2.189997e+1	2.544970e-23
 2.201368e+1	2.637660e-23
 2.213140e+1	2.703580e-23
 2.225325e+1	2.771820e-23
 2.237938e+1	2.842450e-23
 2.250995e+1	2.915570e-23
 2.264510e+1	2.991260e-23
 2.278501e+1	3.069600e-23
 2.292983e+1	3.150700e-23
 2.307973e+1	3.218700e-23
 2.323491e+1	3.274570e-23
 2.339554e+1	3.332400e-23
 2.356182e+1	3.392250e-23
 2.373394e+1	3.454220e-23
 2.391210e+1	3.518360e-23
 2.409653e+1	3.570270e-23
 2.428744e+1	3.610360e-23
 2.448506e+1	3.651860e-23
 2.468963e+1	3.694820e-23
 2.490138e+1	3.739290e-23
 2.512057e+1	3.773260e-23
 2.534747e+1	3.798220e-23
 2.558234e+1	3.824060e-23
 2.582546e+1	3.850800e-23
 2.607713e+1	3.872310e-23
 2.633764e+1	3.880130e-23
 2.660731e+1	3.888220e-23
 2.688646e+1	3.896590e-23
 2.717541e+1	3.896490e-23
 2.747452e+1	3.890510e-23
 2.778414e+1	3.884320e-23
 2.810464e+1	3.873200e-23
 2.843640e+1	3.851630e-23
 2.877982e+1	3.829310e-23
 2.913532e+1	3.806200e-23
 2.950330e+1	3.782290e-23
 2.988421e+1	3.757530e-23
 3.027852e+1	3.722150e-23
 3.068667e+1	3.681330e-23
 3.110918e+1	3.639080e-23
 3.154653e+1	3.595350e-23
 3.199924e+1	3.550080e-23
 3.246787e+1	3.496190e-23
 3.295297e+1	3.440410e-23
 3.345511e+1	3.382660e-23
 3.397490e+1	3.322890e-23
 3.451296e+1	3.261010e-23
 3.506993e+1	3.196960e-23
 3.564647e+1	3.130660e-23
 3.624327e+1	3.063850e-23
 3.686104e+1	2.997440e-23
 3.750052e+1	2.928690e-23
 3.816248e+1	2.857530e-23
 3.884769e+1	2.783870e-23
 3.955699e+1	2.707620e-23
 4.029122e+1	2.633060e-23
 4.105124e+1	2.562760e-23
 4.183798e+1	2.489990e-23
 4.265236e+1	2.414660e-23
 4.349536e+1	2.336680e-23
 4.436799e+1	2.262400e-23
 4.527128e+1	2.194650e-23
 4.620632e+1	2.124530e-23
 4.717421e+1	2.051930e-23
 4.817612e+1	1.976790e-23
 4.921324e+1	1.899010e-23
 5.028681e+1	1.819070e-23
 5.139810e+1	1.741260e-23
 5.254845e+1	1.665860e-23
 5.373922e+1	1.592850e-23
 5.497184e+1	1.522220e-23
 5.624777e+1	1.453940e-23
 5.756854e+1	1.387990e-23
 5.893573e+1	1.324340e-23
 6.035097e+1	1.262960e-23
 6.181594e+1	1.203810e-23
 6.333239e+1	1.146850e-23
 6.490213e+1	1.092040e-23
 6.652704e+1	1.039350e-23
 6.820905e+1	9.887210e-24
 6.995017e+1	9.401140e-24
 7.175247e+1	8.934780e-24
 7.361812e+1	8.487670e-24
 7.554932e+1	8.059290e-24
 7.754840e+1	7.649130e-24
 7.961772e+1	7.256690e-24
 8.175976e+1	6.881430e-24
 8.397709e+1	6.522830e-24
 8.627233e+1	6.180370e-24
 8.864823e+1	5.853530e-24
 9.110763e+1	5.541770e-24
 9.365345e+1	5.244570e-24
 9.628874e+1	4.961430e-24
 9.901664e+1	4.691820e-24
 1.018404e+2	4.435240e-24
 1.047634e+2	4.191200e-24
 1.077891e+2	3.959200e-24
 1.109212e+2	3.738770e-24
 1.141633e+2	3.529430e-24
 1.175193e+2	3.330730e-24
 1.209933e+2	3.142210e-24
 1.245894e+2	2.963440e-24
 1.283118e+2	2.793990e-24
 1.321651e+2	2.633440e-24
 1.361538e+2	2.481410e-24
 1.402826e+2	2.337490e-24
 1.445566e+2	2.201310e-24
 1.489807e+2	2.072520e-24
 1.535603e+2	1.950740e-24
 1.583009e+2	1.835660e-24
 1.632080e+2	1.726930e-24
 1.682876e+2	1.624250e-24
 1.735457e+2	1.527320e-24
 1.789886e+2	1.435840e-24
 1.846227e+2	1.349550e-24
 1.904549e+2	1.268160e-24
 1.964920e+2	1.191430e-24
 2.027412e+2	1.119110e-24
 2.092101e+2	1.050980e-24
 2.159063e+2	9.867960e-25
 2.228378e+2	9.263600e-25
 2.300129e+2	8.694670e-25
 2.374402e+2	8.159230e-25
 2.451285e+2	7.655440e-25
 2.530869e+2	7.181550e-25
 2.613250e+2	6.735900e-25
 2.698527e+2	6.316910e-25
 2.786800e+2	5.923060e-25
 2.878175e+2	5.552950e-25
 2.972761e+2	5.205200e-25
 3.070672e+2	4.878550e-25
 3.172023e+2	4.571780e-25
 3.276936e+2	4.283730e-25
 3.385535e+2	4.013310e-25
 3.497951e+2	3.759500e-25
 3.614318e+2	3.521320e-25
 3.734774e+2	3.297840e-25
 3.859463e+2	3.088190e-25
 3.988534e+2	2.891550e-25
 4.122141e+2	2.707150e-25
 4.260443e+2	2.534240e-25
 4.403605e+2	2.372140e-25
 4.551799e+2	2.220200e-25
 4.705200e+2	2.077790e-25
 4.863992e+2	1.944340e-25
 5.028364e+2	1.819300e-25
 5.198513e+2	1.702160e-25
 5.374641e+2	1.592420e-25
 5.556958e+2	1.489650e-25
 5.745683e+2	1.393400e-25
 5.941040e+2	1.303270e-25
 6.143262e+2	1.218880e-25
 6.352590e+2	1.139870e-25
 6.569275e+2	1.065920e-25
 6.793575e+2	9.966920e-26
 7.025757e+2	9.319050e-26
 7.266098e+2	8.712750e-26
 7.514886e+2	8.145410e-26
 7.772416e+2	7.614580e-26
 8.038997e+2	7.117940e-26
 8.314946e+2	6.653330e-26
 8.600592e+2	6.218720e-26
 8.896276e+2	5.812210e-26
 9.202352e+2	5.432010e-26
 9.519183e+2	5.076430e-26
 9.847149e+2	4.743910e-26
