 2.004820e+1	0.000000e+0
 2.004900e+1	6.660520e-29
 2.008334e+1	2.340650e-26
 2.011972e+1	4.763560e-26
 2.015738e+1	7.271610e-26
 2.019635e+1	9.867800e-26
 2.023670e+1	1.255520e-25
 2.027847e+1	1.533710e-25
 2.032170e+1	1.821670e-25
 2.036646e+1	2.119760e-25
 2.041278e+1	2.428310e-25
 2.046074e+1	2.747710e-25
 2.051038e+1	3.078340e-25
 2.056176e+1	3.420590e-25
 2.061495e+1	3.774860e-25
 2.067001e+1	4.141580e-25
 2.072700e+1	4.521190e-25
 2.078600e+1	4.914140e-25
 2.084707e+1	5.320900e-25
 2.091029e+1	5.741950e-25
 2.097573e+1	6.177800e-25
 2.104346e+1	6.628970e-25
 2.111358e+1	7.095990e-25
 2.118616e+1	7.579420e-25
 2.126130e+1	8.079840e-25
 2.133907e+1	8.597850e-25
 2.141957e+1	9.134060e-25
 2.150291e+1	9.689120e-25
 2.158917e+1	1.026370e-24
 2.167847e+1	1.085840e-24
 2.177090e+1	1.147410e-24
 2.186658e+1	1.211140e-24
 2.196563e+1	1.277110e-24
 2.206815e+1	1.330670e-24
 2.217428e+1	1.378430e-24
 2.228414e+1	1.427860e-24
 2.239785e+1	1.479030e-24
 2.251557e+1	1.532010e-24
 2.263742e+1	1.586840e-24
 2.276355e+1	1.643600e-24
 2.289412e+1	1.702350e-24
 2.302927e+1	1.763170e-24
 2.316918e+1	1.826130e-24
 2.331400e+1	1.891300e-24
 2.346391e+1	1.958760e-24
 2.361908e+1	2.028590e-24
 2.377971e+1	2.100870e-24
 2.394599e+1	2.175690e-24
 2.411811e+1	2.241340e-24
 2.429628e+1	2.303700e-24
 2.448070e+1	2.368250e-24
 2.467161e+1	2.435060e-24
 2.486923e+1	2.504230e-24
 2.507380e+1	2.575830e-24
 2.528555e+1	2.649940e-24
 2.550474e+1	2.726660e-24
 2.573164e+1	2.806070e-24
 2.596651e+1	2.888280e-24
 2.620963e+1	2.931450e-24
 2.646130e+1	2.969200e-24
 2.672182e+1	3.008270e-24
 2.699148e+1	3.048720e-24
 2.727063e+1	3.090590e-24
 2.755958e+1	3.133940e-24
 2.785869e+1	3.178800e-24
 2.816831e+1	3.208420e-24
 2.848881e+1	3.224440e-24
 2.882057e+1	3.241030e-24
 2.916400e+1	3.258200e-24
 2.951949e+1	3.275970e-24
 2.988747e+1	3.294370e-24
 3.026839e+1	3.286580e-24
 3.066269e+1	3.266870e-24
 3.107084e+1	3.246460e-24
 3.149335e+1	3.225330e-24
 3.193070e+1	3.203470e-24
 3.238341e+1	3.161660e-24
 3.285204e+1	3.114800e-24
 3.333714e+1	3.066290e-24
 3.383928e+1	3.016070e-24
 3.435908e+1	2.910230e-24
 3.489713e+1	2.775720e-24
 3.545410e+1	2.636480e-24
 3.603064e+1	2.496170e-24
 3.662744e+1	2.421570e-24
 3.724521e+1	2.344350e-24
 3.788469e+1	2.264410e-24
 3.854665e+1	2.181670e-24
 3.923186e+1	2.096020e-24
 3.994116e+1	2.007350e-24
 4.067539e+1	1.945970e-24
 4.143541e+1	1.885170e-24
 4.222215e+1	1.822230e-24
 4.303653e+1	1.757080e-24
 4.387953e+1	1.689640e-24
 4.475216e+1	1.619830e-24
 4.565545e+1	1.534450e-24
 4.659049e+1	1.440950e-24
 4.755838e+1	1.344160e-24
 4.856029e+1	1.243970e-24
 4.959741e+1	1.140260e-24
 5.067098e+1	1.071060e-24
 5.178227e+1	1.025580e-24
 5.293262e+1	9.814900e-25
 5.412339e+1	9.387780e-25
 5.535601e+1	8.974350e-25
 5.663194e+1	8.574520e-25
 5.795272e+1	8.188140e-25
 5.931990e+1	7.815050e-25
 6.073514e+1	7.455090e-25
 6.220011e+1	7.108050e-25
 6.371656e+1	6.773730e-25
 6.528630e+1	6.451910e-25
 6.691121e+1	6.142360e-25
 6.859322e+1	5.844810e-25
 7.033434e+1	5.559020e-25
 7.213665e+1	5.284710e-25
 7.400229e+1	5.021600e-25
 7.593349e+1	4.769420e-25
 7.793257e+1	4.527880e-25
 8.000189e+1	4.296670e-25
 8.214394e+1	4.075510e-25
 8.436126e+1	3.864080e-25
 8.665650e+1	3.662100e-25
 8.903240e+1	3.469260e-25
 9.149180e+1	3.285250e-25
 9.403762e+1	3.109780e-25
 9.667291e+1	2.942540e-25
 9.940081e+1	2.783250e-25
 1.022246e+2	2.631610e-25
 1.051476e+2	2.487330e-25
 1.081733e+2	2.350130e-25
 1.113053e+2	2.219730e-25
 1.145475e+2	2.095860e-25
 1.179035e+2	1.978240e-25
 1.213775e+2	1.866620e-25
 1.249736e+2	1.760740e-25
 1.286960e+2	1.660360e-25
 1.325493e+2	1.565230e-25
 1.365380e+2	1.475120e-25
 1.406668e+2	1.389790e-25
 1.449407e+2	1.309040e-25
 1.493649e+2	1.232640e-25
 1.539445e+2	1.160390e-25
 1.586850e+2	1.092100e-25
 1.635922e+2	1.027560e-25
 1.686718e+2	9.666020e-26
 1.739299e+2	9.090430e-26
 1.793727e+2	8.547120e-26
 1.850069e+2	8.034460e-26
 1.908390e+2	7.550890e-26
 1.968761e+2	7.094900e-26
 2.031254e+2	6.665060e-26
 2.095943e+2	6.259990e-26
 2.162905e+2	5.878380e-26
 2.232220e+2	5.518980e-26
 2.303971e+2	5.180580e-26
 2.378244e+2	4.862060e-26
 2.455126e+2	4.562310e-26
 2.534711e+2	4.280320e-26
 2.617092e+2	4.015080e-26
 2.702368e+2	3.765680e-26
 2.790642e+2	3.531220e-26
 2.882017e+2	3.310850e-26
 2.976603e+2	3.103780e-26
 3.074513e+2	2.909240e-26
 3.175865e+2	2.726520e-26
 3.280777e+2	2.554930e-26
 3.389377e+2	2.393830e-26
 3.501793e+2	2.242600e-26
 3.618160e+2	2.100670e-26
 3.738616e+2	1.967480e-26
 3.863305e+2	1.842530e-26
 3.992376e+2	1.725320e-26
 4.125983e+2	1.615390e-26
 4.264285e+2	1.512310e-26
 4.407447e+2	1.415660e-26
 4.555640e+2	1.325050e-26
 4.709041e+2	1.240130e-26
 4.867833e+2	1.160540e-26
 5.032206e+2	1.085970e-26
 5.202354e+2	1.016090e-26
 5.378482e+2	9.506340e-27
 5.560800e+2	8.893200e-27
 5.749525e+2	8.318960e-27
 5.944881e+2	7.781190e-27
 6.147103e+2	7.277660e-27
 6.356432e+2	6.806220e-27
 6.573117e+2	6.364880e-27
 6.797417e+2	5.951750e-27
 7.029598e+2	5.565080e-27
 7.269940e+2	5.203210e-27
 7.518727e+2	4.864560e-27
 7.776258e+2	4.547700e-27
 8.042838e+2	4.251220e-27
 8.318787e+2	3.973860e-27
 8.604433e+2	3.714400e-27
 8.900118e+2	3.471690e-27
 9.206193e+2	3.244680e-27
 9.523025e+2	3.032370e-27
 9.850991e+2	2.833820e-27
