 2.004842e+1	0.000000e+0
 2.004852e+1	6.661270e-29
 2.008356e+1	2.340910e-26
 2.011994e+1	4.764090e-26
 2.015759e+1	7.272430e-26
 2.019657e+1	9.868910e-26
 2.023692e+1	1.255660e-25
 2.027869e+1	1.533880e-25
 2.032192e+1	1.821880e-25
 2.036668e+1	2.119990e-25
 2.041300e+1	2.428590e-25
 2.046096e+1	2.748020e-25
 2.051060e+1	3.078690e-25
 2.056198e+1	3.420970e-25
 2.061517e+1	3.775280e-25
 2.067023e+1	4.142040e-25
 2.072722e+1	4.521700e-25
 2.078622e+1	4.914690e-25
 2.084729e+1	5.321490e-25
 2.091051e+1	5.742590e-25
 2.097594e+1	6.178490e-25
 2.104368e+1	6.629710e-25
 2.111380e+1	7.096780e-25
 2.118638e+1	7.580270e-25
 2.126151e+1	8.080750e-25
 2.133929e+1	8.598820e-25
 2.141979e+1	9.135090e-25
 2.150313e+1	9.690210e-25
 2.158939e+1	1.026480e-24
 2.167869e+1	1.085970e-24
 2.177112e+1	1.147540e-24
 2.186680e+1	1.211270e-24
 2.196585e+1	1.277250e-24
 2.206837e+1	1.330770e-24
 2.217450e+1	1.378520e-24
 2.228436e+1	1.427960e-24
 2.239807e+1	1.479130e-24
 2.251579e+1	1.532100e-24
 2.263764e+1	1.586940e-24
 2.276377e+1	1.643700e-24
 2.289434e+1	1.702450e-24
 2.302949e+1	1.763270e-24
 2.316940e+1	1.826230e-24
 2.331422e+1	1.891400e-24
 2.346412e+1	1.958860e-24
 2.361930e+1	2.028690e-24
 2.377993e+1	2.100970e-24
 2.394621e+1	2.175790e-24
 2.411833e+1	2.241410e-24
 2.429649e+1	2.303770e-24
 2.448092e+1	2.368320e-24
 2.467183e+1	2.435140e-24
 2.486945e+1	2.504310e-24
 2.507402e+1	2.575910e-24
 2.528577e+1	2.650020e-24
 2.550496e+1	2.726740e-24
 2.573186e+1	2.806150e-24
 2.596673e+1	2.888360e-24
 2.620985e+1	2.931480e-24
 2.646152e+1	2.969230e-24
 2.672203e+1	3.008310e-24
 2.699170e+1	3.048760e-24
 2.727085e+1	3.090630e-24
 2.755980e+1	3.133970e-24
 2.785891e+1	3.178840e-24
 2.816853e+1	3.208430e-24
 2.848903e+1	3.224450e-24
 2.882079e+1	3.241040e-24
 2.916421e+1	3.258210e-24
 2.951971e+1	3.275990e-24
 2.988769e+1	3.294380e-24
 3.026860e+1	3.286570e-24
 3.066291e+1	3.266850e-24
 3.107106e+1	3.246450e-24
 3.149357e+1	3.225320e-24
 3.193092e+1	3.203450e-24
 3.238363e+1	3.161640e-24
 3.285226e+1	3.114770e-24
 3.333736e+1	3.066260e-24
 3.383950e+1	3.016050e-24
 3.435929e+1	2.910180e-24
 3.489735e+1	2.775660e-24
 3.545432e+1	2.636420e-24
 3.603086e+1	2.496140e-24
 3.662766e+1	2.421540e-24
 3.724543e+1	2.344320e-24
 3.788491e+1	2.264390e-24
 3.854687e+1	2.181640e-24
 3.923208e+1	2.095990e-24
 3.994138e+1	2.007330e-24
 4.067561e+1	1.945950e-24
 4.143563e+1	1.885150e-24
 4.222237e+1	1.822210e-24
 4.303675e+1	1.757060e-24
 4.387975e+1	1.689620e-24
 4.475238e+1	1.619810e-24
 4.565567e+1	1.534430e-24
 4.659071e+1	1.440930e-24
 4.755860e+1	1.344140e-24
 4.856051e+1	1.243950e-24
 4.959763e+1	1.140240e-24
 5.067120e+1	1.071050e-24
 5.178249e+1	1.025570e-24
 5.293284e+1	9.814820e-25
 5.412361e+1	9.387700e-25
 5.535623e+1	8.974280e-25
 5.663216e+1	8.574450e-25
 5.795293e+1	8.188080e-25
 5.932012e+1	7.814990e-25
 6.073536e+1	7.455030e-25
 6.220033e+1	7.108000e-25
 6.371678e+1	6.773690e-25
 6.528652e+1	6.451870e-25
 6.691143e+1	6.142310e-25
 6.859344e+1	5.844770e-25
 7.033456e+1	5.558980e-25
 7.213686e+1	5.284670e-25
 7.400251e+1	5.021570e-25
 7.593371e+1	4.769400e-25
 7.793279e+1	4.527850e-25
 8.000211e+1	4.296650e-25
 8.214415e+1	4.075490e-25
 8.436148e+1	3.864060e-25
 8.665672e+1	3.662080e-25
 8.903262e+1	3.469240e-25
 9.149202e+1	3.285230e-25
 9.403784e+1	3.109760e-25
 9.667313e+1	2.942530e-25
 9.940103e+1	2.783240e-25
 1.022248e+2	2.631600e-25
 1.051478e+2	2.487320e-25
 1.081735e+2	2.350120e-25
 1.113056e+2	2.219720e-25
 1.145477e+2	2.095850e-25
 1.179037e+2	1.978230e-25
 1.213777e+2	1.866610e-25
 1.249738e+2	1.760740e-25
 1.286962e+2	1.660360e-25
 1.325495e+2	1.565220e-25
 1.365382e+2	1.475110e-25
 1.406670e+2	1.389790e-25
 1.449410e+2	1.309030e-25
 1.493651e+2	1.232630e-25
 1.539447e+2	1.160390e-25
 1.586853e+2	1.092090e-25
 1.635924e+2	1.027560e-25
 1.686720e+2	9.666000e-26
 1.739301e+2	9.090410e-26
 1.793730e+2	8.547100e-26
 1.850071e+2	8.034440e-26
 1.908393e+2	7.550870e-26
 1.968764e+2	7.094890e-26
 2.031256e+2	6.665050e-26
 2.095945e+2	6.259980e-26
 2.162907e+2	5.878370e-26
 2.232222e+2	5.518970e-26
 2.303973e+2	5.180570e-26
 2.378246e+2	4.862050e-26
 2.455128e+2	4.562300e-26
 2.534713e+2	4.280310e-26
 2.617094e+2	4.015080e-26
 2.702371e+2	3.765680e-26
 2.790644e+2	3.531210e-26
 2.882019e+2	3.310850e-26
 2.976605e+2	3.103770e-26
 3.074516e+2	2.909240e-26
 3.175867e+2	2.726520e-26
 3.280780e+2	2.554930e-26
 3.389379e+2	2.393820e-26
 3.501795e+2	2.242600e-26
 3.618162e+2	2.100660e-26
 3.738618e+2	1.967480e-26
 3.863307e+2	1.842530e-26
 3.992378e+2	1.725320e-26
 4.125985e+2	1.615390e-26
 4.264287e+2	1.512310e-26
 4.407449e+2	1.415660e-26
 4.555643e+2	1.325050e-26
 4.709044e+2	1.240130e-26
 4.867836e+2	1.160540e-26
 5.032208e+2	1.085960e-26
 5.202356e+2	1.016090e-26
 5.378485e+2	9.506330e-27
 5.560802e+2	8.893190e-27
 5.749527e+2	8.318950e-27
 5.944884e+2	7.781190e-27
 6.147106e+2	7.277650e-27
 6.356434e+2	6.806210e-27
 6.573119e+2	6.364870e-27
 6.797419e+2	5.951750e-27
 7.029601e+2	5.565080e-27
 7.269942e+2	5.203200e-27
 7.518729e+2	4.864560e-27
 7.776260e+2	4.547690e-27
 8.042840e+2	4.251220e-27
 8.318789e+2	3.973860e-27
 8.604436e+2	3.714390e-27
 8.900120e+2	3.471690e-27
 9.206196e+2	3.244680e-27
 9.523027e+2	3.032370e-27
 9.850993e+2	2.833820e-27
