 2.003465e+1	0.000000e+0
 2.003600e+1	6.614600e-29
 2.006979e+1	2.324510e-26
 2.010617e+1	4.730720e-26
 2.014383e+1	7.221480e-26
 2.018280e+1	9.799770e-26
 2.022315e+1	1.246870e-25
 2.026492e+1	1.523140e-25
 2.030815e+1	1.809110e-25
 2.035291e+1	2.105140e-25
 2.039923e+1	2.411570e-25
 2.044719e+1	2.728770e-25
 2.049683e+1	3.057120e-25
 2.054821e+1	3.397000e-25
 2.060140e+1	3.748830e-25
 2.065646e+1	4.113030e-25
 2.071345e+1	4.490020e-25
 2.077245e+1	4.880260e-25
 2.083352e+1	5.284210e-25
 2.089674e+1	5.702360e-25
 2.096218e+1	6.135210e-25
 2.102991e+1	6.583260e-25
 2.110003e+1	7.047060e-25
 2.117261e+1	7.527160e-25
 2.124775e+1	8.024140e-25
 2.132552e+1	8.538570e-25
 2.140602e+1	9.071090e-25
 2.148936e+1	9.622320e-25
 2.157562e+1	1.019290e-24
 2.166492e+1	1.078360e-24
 2.175735e+1	1.139500e-24
 2.185303e+1	1.202790e-24
 2.195208e+1	1.268300e-24
 2.205460e+1	1.324570e-24
 2.216073e+1	1.372330e-24
 2.227059e+1	1.421760e-24
 2.238431e+1	1.472940e-24
 2.250202e+1	1.525910e-24
 2.262387e+1	1.580740e-24
 2.275000e+1	1.637500e-24
 2.288057e+1	1.696260e-24
 2.301572e+1	1.757080e-24
 2.315563e+1	1.820030e-24
 2.330045e+1	1.885200e-24
 2.345036e+1	1.952660e-24
 2.360553e+1	2.022490e-24
 2.376616e+1	2.094770e-24
 2.393244e+1	2.169600e-24
 2.410456e+1	2.236600e-24
 2.428273e+1	2.298950e-24
 2.446715e+1	2.363500e-24
 2.465806e+1	2.430320e-24
 2.485568e+1	2.499490e-24
 2.506025e+1	2.571090e-24
 2.527200e+1	2.645200e-24
 2.549119e+1	2.721920e-24
 2.571809e+1	2.801330e-24
 2.595296e+1	2.883540e-24
 2.619608e+1	2.929410e-24
 2.644775e+1	2.967160e-24
 2.670827e+1	3.006240e-24
 2.697793e+1	3.046690e-24
 2.725708e+1	3.088560e-24
 2.754603e+1	3.131900e-24
 2.784514e+1	3.176770e-24
 2.815476e+1	3.207740e-24
 2.847526e+1	3.223760e-24
 2.880702e+1	3.240350e-24
 2.915045e+1	3.257520e-24
 2.950594e+1	3.275300e-24
 2.987392e+1	3.293700e-24
 3.025484e+1	3.287260e-24
 3.064914e+1	3.267540e-24
 3.105730e+1	3.247140e-24
 3.147980e+1	3.226010e-24
 3.191715e+1	3.204140e-24
 3.236987e+1	3.163010e-24
 3.283849e+1	3.116150e-24
 3.332359e+1	3.067640e-24
 3.382573e+1	3.017430e-24
 3.434553e+1	2.913620e-24
 3.488358e+1	2.779100e-24
 3.544055e+1	2.639860e-24
 3.601709e+1	2.497860e-24
 3.661389e+1	2.423260e-24
 3.723166e+1	2.346040e-24
 3.787114e+1	2.266110e-24
 3.853310e+1	2.183360e-24
 3.921831e+1	2.097710e-24
 3.992761e+1	2.009050e-24
 4.066184e+1	1.947050e-24
 4.142186e+1	1.886250e-24
 4.220860e+1	1.823310e-24
 4.302298e+1	1.758160e-24
 4.386598e+1	1.690720e-24
 4.473861e+1	1.620910e-24
 4.564190e+1	1.535810e-24
 4.657694e+1	1.442310e-24
 4.754483e+1	1.345520e-24
 4.854674e+1	1.245330e-24
 4.958386e+1	1.141610e-24
 5.065743e+1	1.071630e-24
 5.176872e+1	1.026120e-24
 5.291907e+1	9.819930e-25
 5.410984e+1	9.392480e-25
 5.534246e+1	8.978750e-25
 5.661839e+1	8.578620e-25
 5.793917e+1	8.191970e-25
 5.930635e+1	7.818620e-25
 6.072159e+1	7.458410e-25
 6.218656e+1	7.111150e-25
 6.370301e+1	6.776610e-25
 6.527275e+1	6.454590e-25
 6.689766e+1	6.144840e-25
 6.857967e+1	5.847120e-25
 7.032079e+1	5.561160e-25
 7.212310e+1	5.286690e-25
 7.398874e+1	5.023440e-25
 7.591994e+1	4.771130e-25
 7.791902e+1	4.529450e-25
 7.998834e+1	4.298130e-25
 8.213039e+1	4.076850e-25
 8.434771e+1	3.865330e-25
 8.664295e+1	3.663250e-25
 8.901885e+1	3.470310e-25
 9.147825e+1	3.286220e-25
 9.402407e+1	3.110670e-25
 9.665936e+1	2.943370e-25
 9.938726e+1	2.784010e-25
 1.022110e+2	2.632310e-25
 1.051340e+2	2.487980e-25
 1.081597e+2	2.350720e-25
 1.112918e+2	2.220270e-25
 1.145339e+2	2.096350e-25
 1.178900e+2	1.978700e-25
 1.213640e+2	1.867040e-25
 1.249600e+2	1.761130e-25
 1.286825e+2	1.660710e-25
 1.325357e+2	1.565550e-25
 1.365244e+2	1.475410e-25
 1.406533e+2	1.390060e-25
 1.449272e+2	1.309280e-25
 1.493513e+2	1.232860e-25
 1.539309e+2	1.160600e-25
 1.586715e+2	1.092280e-25
 1.635786e+2	1.027730e-25
 1.686582e+2	9.667580e-26
 1.739163e+2	9.091850e-26
 1.793592e+2	8.548410e-26
 1.849933e+2	8.035640e-26
 1.908255e+2	7.551960e-26
 1.968626e+2	7.095880e-26
 2.031119e+2	6.665950e-26
 2.095807e+2	6.260800e-26
 2.162769e+2	5.879120e-26
 2.232084e+2	5.519650e-26
 2.303836e+2	5.181190e-26
 2.378108e+2	4.862610e-26
 2.454991e+2	4.562820e-26
 2.534575e+2	4.280770e-26
 2.616957e+2	4.015500e-26
 2.702233e+2	3.766060e-26
 2.790506e+2	3.531560e-26
 2.881881e+2	3.311160e-26
 2.976468e+2	3.104060e-26
 3.074378e+2	2.909500e-26
 3.175729e+2	2.726750e-26
 3.280642e+2	2.555140e-26
 3.389242e+2	2.394020e-26
 3.501658e+2	2.242770e-26
 3.618024e+2	2.100820e-26
 3.738480e+2	1.967630e-26
 3.863170e+2	1.842660e-26
 3.992240e+2	1.725440e-26
 4.125847e+2	1.615500e-26
 4.264149e+2	1.512400e-26
 4.407312e+2	1.415750e-26
 4.555505e+2	1.325130e-26
 4.708906e+2	1.240200e-26
 4.867698e+2	1.160610e-26
 5.032070e+2	1.086020e-26
 5.202219e+2	1.016140e-26
 5.378347e+2	9.506820e-27
 5.560665e+2	8.893630e-27
 5.749389e+2	8.319350e-27
 5.944746e+2	7.781550e-27
 6.146968e+2	7.277980e-27
 6.356296e+2	6.806510e-27
 6.572981e+2	6.365140e-27
 6.797281e+2	5.951990e-27
 7.029463e+2	5.565300e-27
 7.269804e+2	5.203400e-27
 7.518592e+2	4.864740e-27
 7.776122e+2	4.547850e-27
 8.042703e+2	4.251370e-27
 8.318652e+2	3.973990e-27
 8.604298e+2	3.714510e-27
 8.899982e+2	3.471800e-27
 9.206058e+2	3.244780e-27
 9.522889e+2	3.032460e-27
 9.850855e+2	2.833900e-27
