 2.002464e+1	0.000000e+0
 2.002600e+1	6.581080e-29
 2.005978e+1	2.312730e-26
 2.009616e+1	4.706740e-26
 2.013381e+1	7.184880e-26
 2.017279e+1	9.750100e-26
 2.021314e+1	1.240550e-25
 2.025491e+1	1.515420e-25
 2.029814e+1	1.799940e-25
 2.034290e+1	2.094470e-25
 2.038922e+1	2.399350e-25
 2.043718e+1	2.714940e-25
 2.048682e+1	3.041620e-25
 2.053820e+1	3.379790e-25
 2.059139e+1	3.729830e-25
 2.064645e+1	4.092180e-25
 2.070344e+1	4.467260e-25
 2.076244e+1	4.855520e-25
 2.082351e+1	5.257430e-25
 2.088673e+1	5.673460e-25
 2.095216e+1	6.104110e-25
 2.101990e+1	6.549900e-25
 2.109002e+1	7.011350e-25
 2.116260e+1	7.489010e-25
 2.123773e+1	7.983470e-25
 2.131551e+1	8.495300e-25
 2.139601e+1	9.025110e-25
 2.147935e+1	9.573550e-25
 2.156561e+1	1.014130e-24
 2.165491e+1	1.072890e-24
 2.174734e+1	1.133720e-24
 2.184302e+1	1.196690e-24
 2.194207e+1	1.261870e-24
 2.204459e+1	1.320070e-24
 2.215072e+1	1.367820e-24
 2.226058e+1	1.417260e-24
 2.237429e+1	1.468430e-24
 2.249201e+1	1.521400e-24
 2.261386e+1	1.576240e-24
 2.273999e+1	1.633000e-24
 2.287056e+1	1.691750e-24
 2.300571e+1	1.752570e-24
 2.314561e+1	1.815530e-24
 2.329043e+1	1.880700e-24
 2.344034e+1	1.948150e-24
 2.359552e+1	2.017980e-24
 2.375615e+1	2.090270e-24
 2.392243e+1	2.165090e-24
 2.409455e+1	2.233090e-24
 2.427271e+1	2.295450e-24
 2.445714e+1	2.360000e-24
 2.464805e+1	2.426820e-24
 2.484567e+1	2.495980e-24
 2.505023e+1	2.567580e-24
 2.526199e+1	2.641700e-24
 2.548118e+1	2.718410e-24
 2.570808e+1	2.797830e-24
 2.594295e+1	2.880030e-24
 2.618607e+1	2.927910e-24
 2.643774e+1	2.965660e-24
 2.669825e+1	3.004740e-24
 2.696792e+1	3.045190e-24
 2.724707e+1	3.087060e-24
 2.753602e+1	3.130400e-24
 2.783513e+1	3.175270e-24
 2.814475e+1	3.207240e-24
 2.846525e+1	3.223260e-24
 2.879701e+1	3.239850e-24
 2.914043e+1	3.257020e-24
 2.949592e+1	3.274800e-24
 2.986391e+1	3.293200e-24
 3.024482e+1	3.287760e-24
 3.063913e+1	3.268040e-24
 3.104728e+1	3.247640e-24
 3.146979e+1	3.226510e-24
 3.190713e+1	3.204640e-24
 3.235985e+1	3.164010e-24
 3.282848e+1	3.117150e-24
 3.331358e+1	3.068640e-24
 3.381572e+1	3.018430e-24
 3.433551e+1	2.916120e-24
 3.487357e+1	2.781610e-24
 3.543054e+1	2.642370e-24
 3.600708e+1	2.499120e-24
 3.660388e+1	2.424520e-24
 3.722165e+1	2.347290e-24
 3.786113e+1	2.267360e-24
 3.852309e+1	2.184610e-24
 3.920830e+1	2.098960e-24
 3.991760e+1	2.010300e-24
 4.065182e+1	1.947850e-24
 4.141185e+1	1.887050e-24
 4.219859e+1	1.824110e-24
 4.301297e+1	1.758960e-24
 4.385597e+1	1.691520e-24
 4.472860e+1	1.621710e-24
 4.563189e+1	1.536810e-24
 4.656693e+1	1.443310e-24
 4.753482e+1	1.346520e-24
 4.853673e+1	1.246330e-24
 4.957385e+1	1.142610e-24
 5.064742e+1	1.072060e-24
 5.175871e+1	1.026520e-24
 5.290905e+1	9.823650e-25
 5.409983e+1	9.395960e-25
 5.533244e+1	8.982000e-25
 5.660838e+1	8.581660e-25
 5.792915e+1	8.194800e-25
 5.929634e+1	7.821260e-25
 6.071158e+1	7.460870e-25
 6.217655e+1	7.113440e-25
 6.369300e+1	6.778740e-25
 6.526274e+1	6.456570e-25
 6.688765e+1	6.146680e-25
 6.856966e+1	5.848830e-25
 7.031078e+1	5.562740e-25
 7.211308e+1	5.288160e-25
 7.397873e+1	5.024800e-25
 7.590993e+1	4.772390e-25
 7.790900e+1	4.530620e-25
 7.997833e+1	4.299200e-25
 8.212037e+1	4.077850e-25
 8.433769e+1	3.866240e-25
 8.663294e+1	3.664090e-25
 8.900884e+1	3.471090e-25
 9.146824e+1	3.286940e-25
 9.401406e+1	3.111340e-25
 9.664935e+1	2.943980e-25
 9.937725e+1	2.784570e-25
 1.022010e+2	2.632830e-25
 1.051240e+2	2.488450e-25
 1.081497e+2	2.351160e-25
 1.112818e+2	2.220670e-25
 1.145239e+2	2.096720e-25
 1.178799e+2	1.979030e-25
 1.213539e+2	1.867350e-25
 1.249500e+2	1.761410e-25
 1.286725e+2	1.660970e-25
 1.325257e+2	1.565790e-25
 1.365144e+2	1.475620e-25
 1.406432e+2	1.390260e-25
 1.449172e+2	1.309460e-25
 1.493413e+2	1.233030e-25
 1.539209e+2	1.160750e-25
 1.586615e+2	1.092420e-25
 1.635686e+2	1.027860e-25
 1.686482e+2	9.668730e-26
 1.739063e+2	9.092890e-26
 1.793492e+2	8.549370e-26
 1.849833e+2	8.036510e-26
 1.908155e+2	7.552760e-26
 1.968526e+2	7.096600e-26
 2.031018e+2	6.666610e-26
 2.095707e+2	6.261400e-26
 2.162669e+2	5.879660e-26
 2.231984e+2	5.520140e-26
 2.303735e+2	5.181640e-26
 2.378008e+2	4.863020e-26
 2.454891e+2	4.563190e-26
 2.534475e+2	4.281110e-26
 2.616857e+2	4.015810e-26
 2.702133e+2	3.766340e-26
 2.790406e+2	3.531810e-26
 2.881781e+2	3.311390e-26
 2.976368e+2	3.104270e-26
 3.074278e+2	2.909690e-26
 3.175629e+2	2.726920e-26
 3.280542e+2	2.555300e-26
 3.389142e+2	2.394160e-26
 3.501558e+2	2.242900e-26
 3.617924e+2	2.100940e-26
 3.738380e+2	1.967730e-26
 3.863069e+2	1.842760e-26
 3.992140e+2	1.725520e-26
 4.125747e+2	1.615580e-26
 4.264049e+2	1.512480e-26
 4.407211e+2	1.415810e-26
 4.555405e+2	1.325190e-26
 4.708806e+2	1.240260e-26
 4.867598e+2	1.160660e-26
 5.031970e+2	1.086070e-26
 5.202119e+2	1.016180e-26
 5.378247e+2	9.507170e-27
 5.560564e+2	8.893960e-27
 5.749289e+2	8.319640e-27
 5.944646e+2	7.781810e-27
 6.146868e+2	7.278220e-27
 6.356196e+2	6.806720e-27
 6.572881e+2	6.365330e-27
 6.797181e+2	5.952170e-27
 7.029363e+2	5.565460e-27
 7.269704e+2	5.203540e-27
 7.518492e+2	4.864870e-27
 7.776022e+2	4.547970e-27
 8.042603e+2	4.251470e-27
 8.318552e+2	3.974090e-27
 8.604198e+2	3.714600e-27
 8.899882e+2	3.471880e-27
 9.205958e+2	3.244850e-27
 9.522789e+2	3.032520e-27
 9.850755e+2	2.833960e-27
