 2.002644e+1	0.000000e+0
 2.002700e+1	1.363020e-27
 2.006158e+1	4.291140e-26
 2.009796e+1	8.873760e-26
 2.013561e+1	1.360300e-25
 2.017459e+1	1.848310e-25
 2.021494e+1	2.351820e-25
 2.025671e+1	2.871280e-25
 2.029994e+1	3.407120e-25
 2.034470e+1	3.959800e-25
 2.039102e+1	4.529780e-25
 2.043898e+1	5.117530e-25
 2.048862e+1	5.723510e-25
 2.054000e+1	6.348220e-25
 2.059319e+1	6.992140e-25
 2.064825e+1	7.655770e-25
 2.070524e+1	8.339600e-25
 2.076424e+1	9.044150e-25
 2.082531e+1	9.769930e-25
 2.088853e+1	1.051750e-24
 2.095396e+1	1.128730e-24
 2.102170e+1	1.207990e-24
 2.109182e+1	1.289580e-24
 2.116440e+1	1.373560e-24
 2.123953e+1	1.459970e-24
 2.131731e+1	1.548880e-24
 2.139781e+1	1.640340e-24
 2.148115e+1	1.734390e-24
 2.156741e+1	1.831100e-24
 2.165671e+1	1.930510e-24
 2.174914e+1	2.032670e-24
 2.184482e+1	2.137650e-24
 2.194387e+1	2.245480e-24
 2.204639e+1	2.356230e-24
 2.215252e+1	2.469930e-24
 2.226238e+1	2.586640e-24
 2.237609e+1	2.706410e-24
 2.249381e+1	2.829270e-24
 2.261566e+1	2.955270e-24
 2.274179e+1	3.084460e-24
 2.287236e+1	3.216870e-24
 2.300751e+1	3.352540e-24
 2.314741e+1	3.491500e-24
 2.329223e+1	3.633790e-24
 2.344214e+1	3.779440e-24
 2.359732e+1	3.928470e-24
 2.375795e+1	4.080900e-24
 2.392423e+1	4.236750e-24
 2.409635e+1	4.396040e-24
 2.427451e+1	4.558780e-24
 2.445894e+1	4.724970e-24
 2.464985e+1	4.894610e-24
 2.484747e+1	5.067710e-24
 2.505204e+1	5.244240e-24
 2.526379e+1	5.424210e-24
 2.548298e+1	5.607570e-24
 2.570988e+1	5.794320e-24
 2.594475e+1	5.984410e-24
 2.618787e+1	6.177800e-24
 2.643954e+1	6.374460e-24
 2.670005e+1	6.574310e-24
 2.696972e+1	6.777310e-24
 2.724887e+1	6.983370e-24
 2.753782e+1	7.192430e-24
 2.783693e+1	7.404400e-24
 2.814655e+1	7.619170e-24
 2.846705e+1	7.836660e-24
 2.879881e+1	8.056740e-24
 2.914223e+1	8.279290e-24
 2.949773e+1	8.504190e-24
 2.986571e+1	8.731300e-24
 3.024662e+1	8.960460e-24
 3.064093e+1	9.191520e-24
 3.104908e+1	9.424310e-24
 3.147159e+1	9.658650e-24
 3.190894e+1	9.894350e-24
 3.236165e+1	1.013120e-23
 3.283028e+1	1.036910e-23
 3.331538e+1	1.060770e-23
 3.381752e+1	1.084680e-23
 3.433731e+1	1.108620e-23
 3.487537e+1	1.132570e-23
 3.543234e+1	1.156500e-23
 3.600888e+1	1.180380e-23
 3.660568e+1	1.204200e-23
 3.722345e+1	1.227910e-23
 3.786293e+1	1.251500e-23
 3.852489e+1	1.274940e-23
 3.921010e+1	1.298200e-23
 3.991940e+1	1.321250e-23
 4.065362e+1	1.344050e-23
 4.141365e+1	1.366590e-23
 4.220039e+1	1.388830e-23
 4.301477e+1	1.410740e-23
 4.385777e+1	1.432290e-23
 4.473040e+1	1.453440e-23
 4.563369e+1	1.474180e-23
 4.656873e+1	1.494470e-23
 4.753662e+1	1.514280e-23
 4.853853e+1	1.533590e-23
 4.957565e+1	1.552350e-23
 5.064922e+1	1.570550e-23
 5.176051e+1	1.588160e-23
 5.291086e+1	1.605150e-23
 5.410163e+1	1.621500e-23
 5.533425e+1	1.637170e-23
 5.661018e+1	1.652150e-23
 5.793095e+1	1.666410e-23
 5.929814e+1	1.679930e-23
 6.071338e+1	1.692700e-23
 6.217835e+1	1.704680e-23
 6.369480e+1	1.715870e-23
 6.526454e+1	1.726240e-23
 6.688945e+1	1.735790e-23
 6.857146e+1	1.744490e-23
 7.031258e+1	1.752340e-23
 7.211488e+1	1.759330e-23
 7.398053e+1	1.765450e-23
 7.591173e+1	1.770680e-23
 7.791081e+1	1.775030e-23
 7.998013e+1	1.778490e-23
 8.212217e+1	1.781070e-23
 8.433949e+1	1.782750e-23
 8.663474e+1	1.783540e-23
 8.901064e+1	1.783450e-23
 9.147004e+1	1.782480e-23
 9.401586e+1	1.780640e-23
 9.665115e+1	1.777930e-23
 9.937905e+1	1.774370e-23
 1.022028e+2	1.769960e-23
 1.051258e+2	1.764720e-23
 1.081515e+2	1.758660e-23
 1.112836e+2	1.751810e-23
 1.145257e+2	1.744160e-23
 1.178817e+2	1.735750e-23
 1.213557e+2	1.726590e-23
 1.249518e+2	1.716710e-23
 1.286743e+2	1.706110e-23
 1.325275e+2	1.694830e-23
 1.365162e+2	1.682890e-23
 1.406450e+2	1.670310e-23
 1.449190e+2	1.657120e-23
 1.493431e+2	1.643330e-23
 1.539227e+2	1.628980e-23
 1.586633e+2	1.614090e-23
 1.635704e+2	1.598690e-23
 1.686500e+2	1.582790e-23
 1.739081e+2	1.566440e-23
 1.793510e+2	1.549660e-23
 1.849851e+2	1.532460e-23
 1.908173e+2	1.514880e-23
 1.968544e+2	1.496950e-23
 2.031036e+2	1.478690e-23
 2.095725e+2	1.460120e-23
 2.162687e+2	1.441280e-23
 2.232002e+2	1.422180e-23
 2.303753e+2	1.402850e-23
 2.378026e+2	1.383320e-23
 2.454909e+2	1.363610e-23
 2.534493e+2	1.343740e-23
 2.616875e+2	1.323740e-23
 2.702151e+2	1.303630e-23
 2.790424e+2	1.283420e-23
 2.881799e+2	1.263150e-23
 2.976386e+2	1.242830e-23
 3.074296e+2	1.222480e-23
 3.175647e+2	1.202120e-23
 3.280560e+2	1.181760e-23
 3.389160e+2	1.161430e-23
 3.501576e+2	1.141150e-23
 3.617942e+2	1.120920e-23
 3.738398e+2	1.100770e-23
 3.863087e+2	1.080700e-23
 3.992158e+2	1.060740e-23
 4.125765e+2	1.040890e-23
 4.264067e+2	1.021170e-23
 4.407229e+2	1.001590e-23
 4.555423e+2	9.821650e-24
 4.708824e+2	9.628990e-24
 4.867616e+2	9.438040e-24
 5.031988e+2	9.248900e-24
 5.202137e+2	9.061660e-24
 5.378265e+2	8.876390e-24
 5.560582e+2	8.693160e-24
 5.749307e+2	8.512040e-24
 5.944664e+2	8.333100e-24
 6.146886e+2	8.156400e-24
 6.356214e+2	7.981970e-24
 6.572899e+2	7.809880e-24
 6.797199e+2	7.640160e-24
 7.029381e+2	7.472840e-24
 7.269722e+2	7.307960e-24
 7.518510e+2	7.145550e-24
 7.776040e+2	6.985630e-24
 8.042621e+2	6.828220e-24
 8.318570e+2	6.673340e-24
 8.604216e+2	6.520990e-24
 8.899900e+2	6.371190e-24
 9.205976e+2	6.223950e-24
 9.522807e+2	6.079260e-24
 9.850773e+2	5.937120e-24
