 2.003487e+1	0.000000e+0
 2.003600e+1	6.615340e-29
 2.007001e+1	2.324770e-26
 2.010639e+1	4.731240e-26
 2.014404e+1	7.222280e-26
 2.018302e+1	9.800860e-26
 2.022337e+1	1.247010e-25
 2.026514e+1	1.523310e-25
 2.030837e+1	1.809320e-25
 2.035313e+1	2.105380e-25
 2.039945e+1	2.411840e-25
 2.044741e+1	2.729080e-25
 2.049705e+1	3.057460e-25
 2.054843e+1	3.397380e-25
 2.060162e+1	3.749250e-25
 2.065668e+1	4.113480e-25
 2.071367e+1	4.490520e-25
 2.077267e+1	4.880800e-25
 2.083374e+1	5.284800e-25
 2.089696e+1	5.703000e-25
 2.096240e+1	6.135890e-25
 2.103013e+1	6.584000e-25
 2.110025e+1	7.047850e-25
 2.117283e+1	7.528000e-25
 2.124796e+1	8.025030e-25
 2.132574e+1	8.539530e-25
 2.140624e+1	9.072100e-25
 2.148958e+1	9.623390e-25
 2.157584e+1	1.019410e-24
 2.166514e+1	1.078480e-24
 2.175757e+1	1.139630e-24
 2.185325e+1	1.202920e-24
 2.195230e+1	1.268440e-24
 2.205482e+1	1.324670e-24
 2.216095e+1	1.372430e-24
 2.227081e+1	1.421860e-24
 2.238452e+1	1.473040e-24
 2.250224e+1	1.526010e-24
 2.262409e+1	1.580840e-24
 2.275022e+1	1.637600e-24
 2.288079e+1	1.696350e-24
 2.301594e+1	1.757170e-24
 2.315585e+1	1.820130e-24
 2.330067e+1	1.885300e-24
 2.345057e+1	1.952760e-24
 2.360575e+1	2.022590e-24
 2.376638e+1	2.094870e-24
 2.393266e+1	2.169700e-24
 2.410478e+1	2.236670e-24
 2.428294e+1	2.299030e-24
 2.446737e+1	2.363580e-24
 2.465828e+1	2.430400e-24
 2.485590e+1	2.499570e-24
 2.506047e+1	2.571160e-24
 2.527222e+1	2.645280e-24
 2.549141e+1	2.721990e-24
 2.571831e+1	2.801410e-24
 2.595318e+1	2.883610e-24
 2.619630e+1	2.929450e-24
 2.644797e+1	2.967200e-24
 2.670849e+1	3.006270e-24
 2.697815e+1	3.046720e-24
 2.725730e+1	3.088590e-24
 2.754625e+1	3.131940e-24
 2.784536e+1	3.176800e-24
 2.815498e+1	3.207750e-24
 2.847548e+1	3.223770e-24
 2.880724e+1	3.240360e-24
 2.915066e+1	3.257530e-24
 2.950616e+1	3.275310e-24
 2.987414e+1	3.293710e-24
 3.025505e+1	3.287250e-24
 3.064936e+1	3.267530e-24
 3.105751e+1	3.247120e-24
 3.148002e+1	3.226000e-24
 3.191737e+1	3.204130e-24
 3.237008e+1	3.162990e-24
 3.283871e+1	3.116130e-24
 3.332381e+1	3.067620e-24
 3.382595e+1	3.017400e-24
 3.434574e+1	2.913560e-24
 3.488380e+1	2.779050e-24
 3.544077e+1	2.639810e-24
 3.601731e+1	2.497840e-24
 3.661411e+1	2.423240e-24
 3.723188e+1	2.346020e-24
 3.787136e+1	2.266080e-24
 3.853332e+1	2.183340e-24
 3.921853e+1	2.097680e-24
 3.992783e+1	2.009020e-24
 4.066206e+1	1.947040e-24
 4.142208e+1	1.886230e-24
 4.220882e+1	1.823290e-24
 4.302320e+1	1.758140e-24
 4.386620e+1	1.690700e-24
 4.473883e+1	1.620890e-24
 4.564212e+1	1.535790e-24
 4.657716e+1	1.442280e-24
 4.754505e+1	1.345490e-24
 4.854696e+1	1.245300e-24
 4.958408e+1	1.141590e-24
 5.065765e+1	1.071620e-24
 5.176894e+1	1.026110e-24
 5.291929e+1	9.819850e-25
 5.411006e+1	9.392400e-25
 5.534268e+1	8.978680e-25
 5.661861e+1	8.578560e-25
 5.793938e+1	8.191910e-25
 5.930657e+1	7.818560e-25
 6.072181e+1	7.458360e-25
 6.218678e+1	7.111100e-25
 6.370323e+1	6.776570e-25
 6.527297e+1	6.454550e-25
 6.689788e+1	6.144800e-25
 6.857989e+1	5.847080e-25
 7.032101e+1	5.561120e-25
 7.212331e+1	5.286660e-25
 7.398896e+1	5.023410e-25
 7.592016e+1	4.771100e-25
 7.791924e+1	4.529430e-25
 7.998856e+1	4.298100e-25
 8.213060e+1	4.076830e-25
 8.434793e+1	3.865310e-25
 8.664317e+1	3.663230e-25
 8.901907e+1	3.470300e-25
 9.147847e+1	3.286210e-25
 9.402429e+1	3.110660e-25
 9.665958e+1	2.943360e-25
 9.938748e+1	2.784000e-25
 1.022113e+2	2.632300e-25
 1.051342e+2	2.487970e-25
 1.081600e+2	2.350710e-25
 1.112920e+2	2.220260e-25
 1.145341e+2	2.096350e-25
 1.178902e+2	1.978690e-25
 1.213642e+2	1.867030e-25
 1.249602e+2	1.761120e-25
 1.286827e+2	1.660700e-25
 1.325360e+2	1.565540e-25
 1.365246e+2	1.475400e-25
 1.406535e+2	1.390050e-25
 1.449274e+2	1.309280e-25
 1.493516e+2	1.232860e-25
 1.539312e+2	1.160590e-25
 1.586717e+2	1.092280e-25
 1.635788e+2	1.027730e-25
 1.686584e+2	9.667550e-26
 1.739165e+2	9.091820e-26
 1.793594e+2	8.548390e-26
 1.849936e+2	8.035620e-26
 1.908257e+2	7.551950e-26
 1.968628e+2	7.095860e-26
 2.031121e+2	6.665940e-26
 2.095809e+2	6.260790e-26
 2.162771e+2	5.879110e-26
 2.232087e+2	5.519640e-26
 2.303838e+2	5.181180e-26
 2.378110e+2	4.862600e-26
 2.454993e+2	4.562810e-26
 2.534578e+2	4.280770e-26
 2.616959e+2	4.015490e-26
 2.702235e+2	3.766050e-26
 2.790508e+2	3.531560e-26
 2.881884e+2	3.311160e-26
 2.976470e+2	3.104060e-26
 3.074380e+2	2.909490e-26
 3.175731e+2	2.726750e-26
 3.280644e+2	2.555140e-26
 3.389244e+2	2.394020e-26
 3.501660e+2	2.242770e-26
 3.618027e+2	2.100820e-26
 3.738483e+2	1.967620e-26
 3.863172e+2	1.842660e-26
 3.992243e+2	1.725440e-26
 4.125849e+2	1.615500e-26
 4.264151e+2	1.512400e-26
 4.407314e+2	1.415740e-26
 4.555507e+2	1.325130e-26
 4.708908e+2	1.240200e-26
 4.867700e+2	1.160610e-26
 5.032072e+2	1.086020e-26
 5.202221e+2	1.016140e-26
 5.378349e+2	9.506810e-27
 5.560667e+2	8.893630e-27
 5.749391e+2	8.319340e-27
 5.944748e+2	7.781540e-27
 6.146970e+2	7.277970e-27
 6.356299e+2	6.806500e-27
 6.572984e+2	6.365130e-27
 6.797283e+2	5.951990e-27
 7.029465e+2	5.565290e-27
 7.269806e+2	5.203400e-27
 7.518594e+2	4.864740e-27
 7.776124e+2	4.547850e-27
 8.042705e+2	4.251370e-27
 8.318654e+2	3.973990e-27
 8.604300e+2	3.714510e-27
 8.899985e+2	3.471800e-27
 9.206060e+2	3.244780e-27
 9.522892e+2	3.032460e-27
 9.850857e+2	2.833900e-27
