 2.003675e+1	0.000000e+0
 2.003800e+1	6.621680e-29
 2.007189e+1	2.327000e-26
 2.010827e+1	4.735780e-26
 2.014593e+1	7.229200e-26
 2.018490e+1	9.810250e-26
 2.022525e+1	1.248200e-25
 2.026702e+1	1.524770e-25
 2.031025e+1	1.811050e-25
 2.035501e+1	2.107390e-25
 2.040133e+1	2.414150e-25
 2.044929e+1	2.731690e-25
 2.049893e+1	3.060390e-25
 2.055031e+1	3.400640e-25
 2.060350e+1	3.752840e-25
 2.065856e+1	4.117420e-25
 2.071555e+1	4.494820e-25
 2.077455e+1	4.885480e-25
 2.083562e+1	5.289860e-25
 2.089884e+1	5.708460e-25
 2.096428e+1	6.141770e-25
 2.103201e+1	6.590300e-25
 2.110213e+1	7.054600e-25
 2.117471e+1	7.535220e-25
 2.124985e+1	8.032720e-25
 2.132762e+1	8.547710e-25
 2.140812e+1	9.080790e-25
 2.149146e+1	9.632610e-25
 2.157772e+1	1.020380e-24
 2.166702e+1	1.079510e-24
 2.175945e+1	1.140720e-24
 2.185513e+1	1.204070e-24
 2.195418e+1	1.269660e-24
 2.205670e+1	1.325520e-24
 2.216283e+1	1.373270e-24
 2.227269e+1	1.422710e-24
 2.238641e+1	1.473880e-24
 2.250412e+1	1.526850e-24
 2.262597e+1	1.581690e-24
 2.275210e+1	1.638450e-24
 2.288267e+1	1.697200e-24
 2.301782e+1	1.758020e-24
 2.315773e+1	1.820980e-24
 2.330255e+1	1.886150e-24
 2.345246e+1	1.953600e-24
 2.360763e+1	2.023430e-24
 2.376826e+1	2.095720e-24
 2.393454e+1	2.170540e-24
 2.410666e+1	2.237330e-24
 2.428483e+1	2.299690e-24
 2.446925e+1	2.364240e-24
 2.466016e+1	2.431060e-24
 2.485778e+1	2.500220e-24
 2.506235e+1	2.571820e-24
 2.527410e+1	2.645930e-24
 2.549329e+1	2.722650e-24
 2.572019e+1	2.802070e-24
 2.595506e+1	2.884270e-24
 2.619818e+1	2.929730e-24
 2.644985e+1	2.967480e-24
 2.671037e+1	3.006550e-24
 2.698003e+1	3.047000e-24
 2.725918e+1	3.088880e-24
 2.754813e+1	3.132220e-24
 2.784724e+1	3.177090e-24
 2.815686e+1	3.207840e-24
 2.847736e+1	3.223870e-24
 2.880912e+1	3.240460e-24
 2.915255e+1	3.257630e-24
 2.950804e+1	3.275400e-24
 2.987602e+1	3.293800e-24
 3.025694e+1	3.287150e-24
 3.065124e+1	3.267440e-24
 3.105940e+1	3.247030e-24
 3.148190e+1	3.225910e-24
 3.191925e+1	3.204040e-24
 3.237197e+1	3.162800e-24
 3.284059e+1	3.115940e-24
 3.332569e+1	3.067430e-24
 3.382783e+1	3.017220e-24
 3.434763e+1	2.913090e-24
 3.488568e+1	2.778580e-24
 3.544265e+1	2.639340e-24
 3.601919e+1	2.497600e-24
 3.661599e+1	2.423000e-24
 3.723376e+1	2.345780e-24
 3.787324e+1	2.265840e-24
 3.853520e+1	2.183100e-24
 3.922041e+1	2.097450e-24
 3.992971e+1	2.008790e-24
 4.066394e+1	1.946890e-24
 4.142396e+1	1.886080e-24
 4.221070e+1	1.823140e-24
 4.302508e+1	1.757990e-24
 4.386808e+1	1.690550e-24
 4.474071e+1	1.620740e-24
 4.564400e+1	1.535600e-24
 4.657904e+1	1.442100e-24
 4.754693e+1	1.345310e-24
 4.854884e+1	1.245120e-24
 4.958596e+1	1.141400e-24
 5.065953e+1	1.071540e-24
 5.177082e+1	1.026040e-24
 5.292117e+1	9.819150e-25
 5.411194e+1	9.391750e-25
 5.534456e+1	8.978070e-25
 5.662049e+1	8.577990e-25
 5.794127e+1	8.191370e-25
 5.930845e+1	7.818070e-25
 6.072369e+1	7.457900e-25
 6.218866e+1	7.110670e-25
 6.370511e+1	6.776170e-25
 6.527485e+1	6.454180e-25
 6.689976e+1	6.144460e-25
 6.858177e+1	5.846760e-25
 7.032289e+1	5.560830e-25
 7.212520e+1	5.286380e-25
 7.399084e+1	5.023160e-25
 7.592204e+1	4.770860e-25
 7.792112e+1	4.529210e-25
 7.999044e+1	4.297900e-25
 8.213249e+1	4.076640e-25
 8.434981e+1	3.865130e-25
 8.664505e+1	3.663070e-25
 8.902095e+1	3.470150e-25
 9.148035e+1	3.286070e-25
 9.402617e+1	3.110540e-25
 9.666146e+1	2.943240e-25
 9.938936e+1	2.783900e-25
 1.022131e+2	2.632200e-25
 1.051361e+2	2.487880e-25
 1.081618e+2	2.350630e-25
 1.112939e+2	2.220190e-25
 1.145360e+2	2.096280e-25
 1.178921e+2	1.978630e-25
 1.213661e+2	1.866970e-25
 1.249621e+2	1.761070e-25
 1.286846e+2	1.660660e-25
 1.325378e+2	1.565500e-25
 1.365265e+2	1.475360e-25
 1.406553e+2	1.390020e-25
 1.449293e+2	1.309240e-25
 1.493534e+2	1.232830e-25
 1.539330e+2	1.160560e-25
 1.586736e+2	1.092250e-25
 1.635807e+2	1.027700e-25
 1.686603e+2	9.667340e-26
 1.739184e+2	9.091630e-26
 1.793613e+2	8.548210e-26
 1.849954e+2	8.035460e-26
 1.908276e+2	7.551800e-26
 1.968647e+2	7.095730e-26
 2.031139e+2	6.665810e-26
 2.095828e+2	6.260680e-26
 2.162790e+2	5.879010e-26
 2.232106e+2	5.519540e-26
 2.303856e+2	5.181100e-26
 2.378129e+2	4.862520e-26
 2.455012e+2	4.562740e-26
 2.534596e+2	4.280700e-26
 2.616978e+2	4.015440e-26
 2.702254e+2	3.766000e-26
 2.790527e+2	3.531510e-26
 2.881902e+2	3.311110e-26
 2.976489e+2	3.104020e-26
 3.074399e+2	2.909460e-26
 3.175750e+2	2.726720e-26
 3.280663e+2	2.555110e-26
 3.389263e+2	2.393990e-26
 3.501679e+2	2.242750e-26
 3.618045e+2	2.100800e-26
 3.738501e+2	1.967600e-26
 3.863191e+2	1.842640e-26
 3.992262e+2	1.725420e-26
 4.125868e+2	1.615480e-26
 4.264170e+2	1.512390e-26
 4.407332e+2	1.415730e-26
 4.555526e+2	1.325120e-26
 4.708927e+2	1.240190e-26
 4.867719e+2	1.160600e-26
 5.032091e+2	1.086010e-26
 5.202240e+2	1.016140e-26
 5.378368e+2	9.506740e-27
 5.560685e+2	8.893570e-27
 5.749410e+2	8.319290e-27
 5.944767e+2	7.781490e-27
 6.146989e+2	7.277930e-27
 6.356318e+2	6.806460e-27
 6.573002e+2	6.365100e-27
 6.797302e+2	5.951950e-27
 7.029484e+2	5.565260e-27
 7.269825e+2	5.203370e-27
 7.518613e+2	4.864710e-27
 7.776143e+2	4.547830e-27
 8.042724e+2	4.251350e-27
 8.318673e+2	3.973970e-27
 8.604319e+2	3.714490e-27
 8.900003e+2	3.471780e-27
 9.206079e+2	3.244770e-27
 9.522911e+2	3.032450e-27
 9.850876e+2	2.833890e-27
