 2.004039e+1	0.000000e+0
 2.004100e+1	4.144520e-27
 2.007553e+1	1.302750e-25
 2.011191e+1	2.694070e-25
 2.014956e+1	4.129900e-25
 2.018854e+1	5.611520e-25
 2.022889e+1	7.140230e-25
 2.027066e+1	8.717350e-25
 2.031389e+1	1.034420e-24
 2.035865e+1	1.202220e-24
 2.040497e+1	1.375270e-24
 2.045293e+1	1.553720e-24
 2.050257e+1	1.737710e-24
 2.055395e+1	1.927380e-24
 2.060714e+1	2.122880e-24
 2.066220e+1	2.324360e-24
 2.071919e+1	2.531990e-24
 2.077819e+1	2.745900e-24
 2.083926e+1	2.966260e-24
 2.090248e+1	3.193220e-24
 2.096791e+1	3.426950e-24
 2.103565e+1	3.667600e-24
 2.110577e+1	3.915330e-24
 2.117835e+1	4.170300e-24
 2.125348e+1	4.432680e-24
 2.133126e+1	4.702630e-24
 2.141176e+1	4.980310e-24
 2.149510e+1	5.265880e-24
 2.158136e+1	5.559510e-24
 2.167066e+1	5.861350e-24
 2.176309e+1	6.171560e-24
 2.185877e+1	6.490300e-24
 2.195782e+1	6.817720e-24
 2.206034e+1	7.153980e-24
 2.216647e+1	7.499220e-24
 2.227633e+1	7.853600e-24
 2.239004e+1	8.217250e-24
 2.250776e+1	8.590300e-24
 2.262961e+1	8.972900e-24
 2.275574e+1	9.365170e-24
 2.288631e+1	9.767220e-24
 2.302146e+1	1.017920e-23
 2.316137e+1	1.060110e-23
 2.330619e+1	1.103320e-23
 2.345609e+1	1.147550e-23
 2.361127e+1	1.192800e-23
 2.377190e+1	1.239090e-23
 2.393818e+1	1.286410e-23
 2.411030e+1	1.334780e-23
 2.428846e+1	1.384200e-23
 2.447289e+1	1.434660e-23
 2.466380e+1	1.486180e-23
 2.486142e+1	1.538740e-23
 2.506599e+1	1.592350e-23
 2.527774e+1	1.647000e-23
 2.549693e+1	1.702690e-23
 2.572383e+1	1.759400e-23
 2.595870e+1	1.817120e-23
 2.620182e+1	1.875850e-23
 2.645349e+1	1.935580e-23
 2.671400e+1	1.996270e-23
 2.698367e+1	2.057920e-23
 2.726282e+1	2.120500e-23
 2.755177e+1	2.183990e-23
 2.785088e+1	2.248360e-23
 2.816050e+1	2.313590e-23
 2.848100e+1	2.379640e-23
 2.881276e+1	2.446490e-23
 2.915618e+1	2.514080e-23
 2.951168e+1	2.582390e-23
 2.987966e+1	2.651360e-23
 3.026057e+1	2.720960e-23
 3.065488e+1	2.791140e-23
 3.106303e+1	2.861850e-23
 3.148554e+1	2.933030e-23
 3.192289e+1	3.004620e-23
 3.237560e+1	3.076570e-23
 3.284423e+1	3.148820e-23
 3.332933e+1	3.221290e-23
 3.383147e+1	3.293930e-23
 3.435126e+1	3.366660e-23
 3.488932e+1	3.439400e-23
 3.544629e+1	3.512090e-23
 3.602283e+1	3.584650e-23
 3.661963e+1	3.657000e-23
 3.723740e+1	3.729040e-23
 3.787688e+1	3.800720e-23
 3.853884e+1	3.871920e-23
 3.922405e+1	3.942580e-23
 3.993335e+1	4.012600e-23
 4.066758e+1	4.081890e-23
 4.142760e+1	4.150370e-23
 4.221434e+1	4.217940e-23
 4.302872e+1	4.284500e-23
 4.387172e+1	4.349980e-23
 4.474435e+1	4.414280e-23
 4.564764e+1	4.477300e-23
 4.658268e+1	4.538950e-23
 4.755057e+1	4.599160e-23
 4.855248e+1	4.657820e-23
 4.958960e+1	4.714850e-23
 5.066317e+1	4.770170e-23
 5.177446e+1	4.823690e-23
 5.292481e+1	4.875330e-23
 5.411558e+1	4.925010e-23
 5.534820e+1	4.972650e-23
 5.662413e+1	5.018190e-23
 5.794490e+1	5.061550e-23
 5.931209e+1	5.102660e-23
 6.072733e+1	5.141470e-23
 6.219230e+1	5.177910e-23
 6.370875e+1	5.211940e-23
 6.527849e+1	5.243490e-23
 6.690340e+1	5.272530e-23
 6.858541e+1	5.299010e-23
 7.032653e+1	5.322900e-23
 7.212883e+1	5.344160e-23
 7.399448e+1	5.362780e-23
 7.592568e+1	5.378720e-23
 7.792476e+1	5.391980e-23
 7.999408e+1	5.402540e-23
 8.213612e+1	5.410400e-23
 8.435345e+1	5.415550e-23
 8.664869e+1	5.418010e-23
 8.902459e+1	5.417780e-23
 9.148399e+1	5.414870e-23
 9.402981e+1	5.409310e-23
 9.666510e+1	5.401130e-23
 9.939300e+1	5.390340e-23
 1.022168e+2	5.376990e-23
 1.051398e+2	5.361110e-23
 1.081655e+2	5.342750e-23
 1.112975e+2	5.321960e-23
 1.145396e+2	5.298780e-23
 1.178957e+2	5.273260e-23
 1.213697e+2	5.245470e-23
 1.249658e+2	5.215470e-23
 1.286882e+2	5.183320e-23
 1.325415e+2	5.149090e-23
 1.365301e+2	5.112850e-23
 1.406590e+2	5.074660e-23
 1.449329e+2	5.034600e-23
 1.493571e+2	4.992750e-23
 1.539367e+2	4.949190e-23
 1.586772e+2	4.903980e-23
 1.635844e+2	4.857210e-23
 1.686640e+2	4.808960e-23
 1.739221e+2	4.759310e-23
 1.793649e+2	4.708330e-23
 1.849991e+2	4.656120e-23
 1.908312e+2	4.602740e-23
 1.968683e+2	4.548280e-23
 2.031176e+2	4.492810e-23
 2.095865e+2	4.436430e-23
 2.162827e+2	4.379190e-23
 2.232142e+2	4.321190e-23
 2.303893e+2	4.262490e-23
 2.378166e+2	4.203170e-23
 2.455048e+2	4.143300e-23
 2.534633e+2	4.082950e-23
 2.617014e+2	4.022200e-23
 2.702290e+2	3.961100e-23
 2.790564e+2	3.899730e-23
 2.881939e+2	3.838150e-23
 2.976525e+2	3.776420e-23
 3.074435e+2	3.714600e-23
 3.175786e+2	3.652740e-23
 3.280699e+2	3.590910e-23
 3.389299e+2	3.529160e-23
 3.501715e+2	3.467530e-23
 3.618082e+2	3.406080e-23
 3.738538e+2	3.344860e-23
 3.863227e+2	3.283900e-23
 3.992298e+2	3.223250e-23
 4.125905e+2	3.162950e-23
 4.264207e+2	3.103040e-23
 4.407369e+2	3.043560e-23
 4.555562e+2	2.984540e-23
 4.708963e+2	2.926000e-23
 4.867755e+2	2.867990e-23
 5.032128e+2	2.810520e-23
 5.202276e+2	2.753630e-23
 5.378404e+2	2.697340e-23
 5.560722e+2	2.641670e-23
 5.749447e+2	2.586640e-23
 5.944803e+2	2.532270e-23
 6.147025e+2	2.478580e-23
 6.356354e+2	2.425590e-23
 6.573039e+2	2.373300e-23
 6.797338e+2	2.321730e-23
 7.029520e+2	2.270890e-23
 7.269862e+2	2.220790e-23
 7.518649e+2	2.171440e-23
 7.776180e+2	2.122850e-23
 8.042760e+2	2.075020e-23
 8.318709e+2	2.027960e-23
 8.604355e+2	1.981670e-23
 8.900040e+2	1.936150e-23
 9.206115e+2	1.891410e-23
 9.522947e+2	1.847440e-23
 9.850913e+2	1.804250e-23
