 2.036885e+1	0.000000e+0
 2.037100e+1	7.922060e-28
 2.040399e+1	2.783980e-25
 2.044037e+1	5.665800e-25
 2.047803e+1	8.648890e-25
 2.051700e+1	1.173680e-24
 2.055735e+1	1.493330e-24
 2.059912e+1	1.824200e-24
 2.064235e+1	2.166710e-24
 2.068711e+1	2.521250e-24
 2.073343e+1	2.888250e-24
 2.078139e+1	3.268150e-24
 2.083103e+1	3.661390e-24
 2.088241e+1	4.068460e-24
 2.093560e+1	4.489830e-24
 2.099066e+1	4.926010e-24
 2.104765e+1	5.238270e-24
 2.110665e+1	5.533260e-24
 2.116772e+1	5.838610e-24
 2.123094e+1	6.154690e-24
 2.129638e+1	6.481880e-24
 2.136411e+1	6.820570e-24
 2.143423e+1	7.171150e-24
 2.150681e+1	7.534060e-24
 2.158195e+1	7.909730e-24
 2.165972e+1	8.298590e-24
 2.174022e+1	8.701120e-24
 2.182356e+1	9.117800e-24
 2.190982e+1	9.549120e-24
 2.199912e+1	9.995590e-24
 2.209155e+1	1.022890e-23
 2.218723e+1	1.046810e-23
 2.228628e+1	1.071570e-23
 2.238880e+1	1.097200e-23
 2.249493e+1	1.123730e-23
 2.260479e+1	1.151200e-23
 2.271851e+1	1.179630e-23
 2.283622e+1	1.209050e-23
 2.295807e+1	1.239520e-23
 2.308420e+1	1.266840e-23
 2.321477e+1	1.292950e-23
 2.334992e+1	1.319980e-23
 2.348983e+1	1.347970e-23
 2.363465e+1	1.376930e-23
 2.378456e+1	1.406910e-23
 2.393973e+1	1.437950e-23
 2.410036e+1	1.470070e-23
 2.426664e+1	1.503330e-23
 2.443876e+1	1.537750e-23
 2.461693e+1	1.573390e-23
 2.480135e+1	1.610270e-23
 2.499226e+1	1.648450e-23
 2.518988e+1	1.668990e-23
 2.539445e+1	1.689440e-23
 2.560620e+1	1.710620e-23
 2.582539e+1	1.732540e-23
 2.605229e+1	1.755230e-23
 2.628716e+1	1.778720e-23
 2.653028e+1	1.803030e-23
 2.678195e+1	1.828200e-23
 2.704247e+1	1.852970e-23
 2.731213e+1	1.871850e-23
 2.759128e+1	1.891390e-23
 2.788023e+1	1.911620e-23
 2.817934e+1	1.927170e-23
 2.848896e+1	1.939560e-23
 2.880946e+1	1.952380e-23
 2.914122e+1	1.965650e-23
 2.948465e+1	1.979390e-23
 2.984014e+1	1.993610e-23
 3.020812e+1	2.005200e-23
 3.058904e+1	2.014730e-23
 3.098334e+1	2.024580e-23
 3.139150e+1	2.034790e-23
 3.181400e+1	2.045350e-23
 3.225135e+1	2.052510e-23
 3.270407e+1	2.057040e-23
 3.317269e+1	2.061730e-23
 3.365779e+1	2.066580e-23
 3.415993e+1	2.070000e-23
 3.467973e+1	2.070000e-23
 3.521778e+1	2.070000e-23
 3.577475e+1	2.070000e-23
 3.635129e+1	2.066490e-23
 3.694809e+1	2.060520e-23
 3.756586e+1	2.054340e-23
 3.820534e+1	2.050000e-23
 3.886730e+1	2.050000e-23
 3.955251e+1	2.050000e-23
 4.026181e+1	2.046070e-23
 4.099604e+1	2.035060e-23
 4.175606e+1	2.023660e-23
 4.254280e+1	2.011860e-23
 4.335718e+1	1.999640e-23
 4.420018e+1	1.987000e-23
 4.507281e+1	1.973910e-23
 4.597610e+1	1.960360e-23
 4.691114e+1	1.946330e-23
 4.787903e+1	1.931810e-23
 4.888094e+1	1.916790e-23
 4.991806e+1	1.901230e-23
 5.099163e+1	1.863050e-23
 5.210292e+1	1.823310e-23
 5.325327e+1	1.783930e-23
 5.444404e+1	1.744910e-23
 5.567666e+1	1.706280e-23
 5.695259e+1	1.668050e-23
 5.827337e+1	1.630250e-23
 5.964055e+1	1.592880e-23
 6.105579e+1	1.555950e-23
 6.252076e+1	1.519500e-23
 6.403721e+1	1.483510e-23
 6.560695e+1	1.448020e-23
 6.723186e+1	1.413020e-23
 6.891387e+1	1.378530e-23
 7.065499e+1	1.344560e-23
 7.245730e+1	1.311120e-23
 7.432294e+1	1.278210e-23
 7.625414e+1	1.245830e-23
 7.825322e+1	1.214010e-23
 8.032254e+1	1.182730e-23
 8.246459e+1	1.152010e-23
 8.468191e+1	1.121850e-23
 8.697715e+1	1.092240e-23
 8.935305e+1	1.063200e-23
 9.181245e+1	1.034720e-23
 9.435827e+1	1.006800e-23
 9.699356e+1	9.794460e-24
 9.972146e+1	9.526530e-24
 1.025452e+2	9.264200e-24
 1.054682e+2	9.007450e-24
 1.084939e+2	8.756250e-24
 1.116260e+2	8.510560e-24
 1.148681e+2	8.270350e-24
 1.182242e+2	8.035580e-24
 1.216981e+2	7.806200e-24
 1.252942e+2	7.582150e-24
 1.290167e+2	7.363390e-24
 1.328699e+2	7.149850e-24
 1.368586e+2	6.941470e-24
 1.409874e+2	6.738190e-24
 1.452614e+2	6.539930e-24
 1.496855e+2	6.346640e-24
 1.542651e+2	6.158230e-24
 1.590057e+2	5.974630e-24
 1.639128e+2	5.795760e-24
 1.689924e+2	5.621550e-24
 1.742505e+2	5.451920e-24
 1.796934e+2	5.286780e-24
 1.853275e+2	5.126060e-24
 1.911597e+2	4.969670e-24
 1.971968e+2	4.817520e-24
 2.034461e+2	4.669540e-24
 2.099149e+2	4.525640e-24
 2.166111e+2	4.385740e-24
 2.235427e+2	4.249750e-24
 2.307177e+2	4.117580e-24
 2.381450e+2	3.989170e-24
 2.458333e+2	3.864410e-24
 2.537917e+2	3.743230e-24
 2.620299e+2	3.625540e-24
 2.705575e+2	3.511270e-24
 2.793848e+2	3.400330e-24
 2.885223e+2	3.292640e-24
 2.979810e+2	3.188120e-24
 3.077720e+2	3.086700e-24
 3.179071e+2	2.988290e-24
 3.283984e+2	2.892830e-24
 3.392584e+2	2.800230e-24
 3.505000e+2	2.710410e-24
 3.621366e+2	2.623320e-24
 3.741822e+2	2.538870e-24
 3.866511e+2	2.457000e-24
 3.995582e+2	2.377630e-24
 4.129189e+2	2.300690e-24
 4.267491e+2	2.226130e-24
 4.410654e+2	2.153880e-24
 4.558847e+2	2.083860e-24
 4.712248e+2	2.016020e-24
 4.871040e+2	1.950300e-24
 5.035412e+2	1.886640e-24
 5.205561e+2	1.824970e-24
 5.381689e+2	1.765250e-24
 5.564007e+2	1.707400e-24
 5.752731e+2	1.651390e-24
 5.948088e+2	1.597150e-24
 6.150310e+2	1.544640e-24
 6.359638e+2	1.493800e-24
 6.576323e+2	1.444580e-24
 6.800623e+2	1.396930e-24
 7.032805e+2	1.350810e-24
 7.273146e+2	1.306170e-24
 7.521934e+2	1.262970e-24
 7.779464e+2	1.221160e-24
 8.046045e+2	1.180700e-24
 8.321994e+2	1.141550e-24
 8.607640e+2	1.103670e-24
 8.903324e+2	1.067020e-24
 9.209400e+2	1.031550e-24
 9.526232e+2	9.972460e-25
 9.854197e+2	9.640560e-25
