 2.013946e+1	0.000000e+0
 2.013956e+1	1.914560e-27
 2.017460e+1	5.951580e-26
 2.021098e+1	1.231000e-25
 2.024863e+1	1.887200e-25
 2.028761e+1	2.564330e-25
 2.032796e+1	3.262990e-25
 2.036973e+1	3.983790e-25
 2.041296e+1	4.727340e-25
 2.045772e+1	5.494260e-25
 2.050404e+1	6.285210e-25
 2.055200e+1	7.100820e-25
 2.060164e+1	7.941760e-25
 2.065302e+1	8.808690e-25
 2.070621e+1	9.702310e-25
 2.076127e+1	1.062330e-24
 2.081826e+1	1.157230e-24
 2.087726e+1	1.255020e-24
 2.093833e+1	1.355750e-24
 2.100155e+1	1.459500e-24
 2.106698e+1	1.566340e-24
 2.113472e+1	1.676360e-24
 2.120484e+1	1.789610e-24
 2.127742e+1	1.906180e-24
 2.135255e+1	2.026130e-24
 2.143033e+1	2.149550e-24
 2.151083e+1	2.276510e-24
 2.159417e+1	2.407080e-24
 2.168043e+1	2.541330e-24
 2.176973e+1	2.679340e-24
 2.186216e+1	2.821190e-24
 2.195784e+1	2.966940e-24
 2.205689e+1	3.116660e-24
 2.215941e+1	3.270430e-24
 2.226554e+1	3.428320e-24
 2.237540e+1	3.590380e-24
 2.248911e+1	3.756700e-24
 2.260683e+1	3.927320e-24
 2.272868e+1	4.102310e-24
 2.285481e+1	4.281730e-24
 2.298538e+1	4.465640e-24
 2.312053e+1	4.654080e-24
 2.326043e+1	4.847100e-24
 2.340525e+1	5.044760e-24
 2.355516e+1	5.247090e-24
 2.371034e+1	5.454120e-24
 2.387097e+1	5.665900e-24
 2.403725e+1	5.882440e-24
 2.420937e+1	6.103770e-24
 2.438753e+1	6.329900e-24
 2.457196e+1	6.560840e-24
 2.476287e+1	6.796600e-24
 2.496049e+1	7.037160e-24
 2.516506e+1	7.282530e-24
 2.537681e+1	7.532670e-24
 2.559600e+1	7.787560e-24
 2.582290e+1	8.047170e-24
 2.605777e+1	8.311440e-24
 2.630089e+1	8.580330e-24
 2.655256e+1	8.853770e-24
 2.681307e+1	9.131680e-24
 2.708274e+1	9.413980e-24
 2.736189e+1	9.700580e-24
 2.765084e+1	9.991360e-24
 2.794995e+1	1.028620e-23
 2.825957e+1	1.058500e-23
 2.858007e+1	1.088760e-23
 2.891183e+1	1.119380e-23
 2.925525e+1	1.150350e-23
 2.961075e+1	1.181650e-23
 2.997873e+1	1.213260e-23
 3.035964e+1	1.245150e-23
 3.075395e+1	1.277320e-23
 3.116210e+1	1.309730e-23
 3.158461e+1	1.342360e-23
 3.202196e+1	1.375180e-23
 3.247467e+1	1.408170e-23
 3.294330e+1	1.441300e-23
 3.342840e+1	1.474540e-23
 3.393054e+1	1.507850e-23
 3.445033e+1	1.541210e-23
 3.498839e+1	1.574590e-23
 3.554536e+1	1.607940e-23
 3.612190e+1	1.641230e-23
 3.671870e+1	1.674430e-23
 3.733647e+1	1.707510e-23
 3.797595e+1	1.740410e-23
 3.863791e+1	1.773100e-23
 3.932312e+1	1.805550e-23
 4.003242e+1	1.837700e-23
 4.076664e+1	1.869530e-23
 4.152667e+1	1.900990e-23
 4.231341e+1	1.932040e-23
 4.312779e+1	1.962630e-23
 4.397079e+1	1.992730e-23
 4.484342e+1	2.022290e-23
 4.574671e+1	2.051270e-23
 4.668175e+1	2.079630e-23
 4.764964e+1	2.107320e-23
 4.865155e+1	2.134320e-23
 4.968867e+1	2.160570e-23
 5.076224e+1	2.186040e-23
 5.187353e+1	2.210680e-23
 5.302388e+1	2.234470e-23
 5.421465e+1	2.257370e-23
 5.544727e+1	2.279330e-23
 5.672320e+1	2.300330e-23
 5.804397e+1	2.320340e-23
 5.941116e+1	2.339320e-23
 6.082640e+1	2.357240e-23
 6.229137e+1	2.374080e-23
 6.380782e+1	2.389820e-23
 6.537756e+1	2.404420e-23
 6.700247e+1	2.417870e-23
 6.868448e+1	2.430150e-23
 7.042560e+1	2.441240e-23
 7.222790e+1	2.451130e-23
 7.409355e+1	2.459810e-23
 7.602475e+1	2.467260e-23
 7.802383e+1	2.473480e-23
 8.009315e+1	2.478460e-23
 8.223519e+1	2.482210e-23
 8.445251e+1	2.484710e-23
 8.674776e+1	2.485970e-23
 8.912366e+1	2.486000e-23
 9.158306e+1	2.484800e-23
 9.412888e+1	2.482390e-23
 9.676417e+1	2.478760e-23
 9.949207e+1	2.473940e-23
 1.023158e+2	2.467950e-23
 1.052388e+2	2.460790e-23
 1.082645e+2	2.452490e-23
 1.113966e+2	2.443070e-23
 1.146387e+2	2.432550e-23
 1.179948e+2	2.420960e-23
 1.214688e+2	2.408330e-23
 1.250648e+2	2.394670e-23
 1.287873e+2	2.380030e-23
 1.326405e+2	2.364430e-23
 1.366292e+2	2.347900e-23
 1.407581e+2	2.330470e-23
 1.450320e+2	2.312190e-23
 1.494561e+2	2.293070e-23
 1.540358e+2	2.273170e-23
 1.587763e+2	2.252510e-23
 1.636834e+2	2.231130e-23
 1.687630e+2	2.209060e-23
 1.740211e+2	2.186350e-23
 1.794640e+2	2.163020e-23
 1.850982e+2	2.139130e-23
 1.909303e+2	2.114690e-23
 1.969674e+2	2.089760e-23
 2.032167e+2	2.064360e-23
 2.096855e+2	2.038530e-23
 2.163817e+2	2.012310e-23
 2.233133e+2	1.985730e-23
 2.304884e+2	1.958830e-23
 2.379156e+2	1.931650e-23
 2.456039e+2	1.904200e-23
 2.535623e+2	1.876540e-23
 2.618005e+2	1.848680e-23
 2.703281e+2	1.820660e-23
 2.791554e+2	1.792520e-23
 2.882929e+2	1.764270e-23
 2.977516e+2	1.735950e-23
 3.075426e+2	1.707590e-23
 3.176777e+2	1.679210e-23
 3.281690e+2	1.650840e-23
 3.390290e+2	1.622500e-23
 3.502706e+2	1.594210e-23
 3.619072e+2	1.566010e-23
 3.739529e+2	1.537900e-23
 3.864218e+2	1.509920e-23
 3.993289e+2	1.482080e-23
 4.126895e+2	1.454390e-23
 4.265197e+2	1.426880e-23
 4.408360e+2	1.399570e-23
 4.556553e+2	1.372460e-23
 4.709954e+2	1.345580e-23
 4.868746e+2	1.318930e-23
 5.033118e+2	1.292540e-23
 5.203267e+2	1.266400e-23
 5.379395e+2	1.240540e-23
 5.561713e+2	1.214970e-23
 5.750437e+2	1.189690e-23
 5.945794e+2	1.164710e-23
 6.148016e+2	1.140040e-23
 6.357345e+2	1.115680e-23
 6.574030e+2	1.091660e-23
 6.798329e+2	1.067960e-23
 7.030511e+2	1.044590e-23
 7.270852e+2	1.021570e-23
 7.519640e+2	9.988870e-24
 7.777170e+2	9.765530e-24
 8.043751e+2	9.545680e-24
 8.319700e+2	9.329350e-24
 8.605346e+2	9.116550e-24
 8.901031e+2	8.907310e-24
 9.207106e+2	8.701620e-24
 9.523938e+2	8.499490e-24
 9.851903e+2	8.300920e-24
