 2.066277e+1	0.000000e+0
 2.066400e+1	1.231040e-27
 2.069791e+1	3.612260e-26
 2.073429e+1	7.478850e-26
 2.077194e+1	1.146950e-25
 2.081092e+1	1.558770e-25
 2.085127e+1	1.983720e-25
 2.089304e+1	2.422160e-25
 2.093627e+1	2.874470e-25
 2.098103e+1	3.341050e-25
 2.102735e+1	3.822270e-25
 2.107531e+1	4.318540e-25
 2.112495e+1	4.830260e-25
 2.117633e+1	5.357860e-25
 2.122952e+1	5.901730e-25
 2.128458e+1	6.462320e-25
 2.134157e+1	7.040050e-25
 2.140057e+1	7.635350e-25
 2.146164e+1	8.248670e-25
 2.152486e+1	8.880450e-25
 2.159029e+1	9.531130e-25
 2.165803e+1	1.020120e-24
 2.172815e+1	1.089100e-24
 2.180073e+1	1.160120e-24
 2.187586e+1	1.233210e-24
 2.195364e+1	1.308410e-24
 2.203414e+1	1.385790e-24
 2.211748e+1	1.465370e-24
 2.220374e+1	1.547220e-24
 2.229304e+1	1.631360e-24
 2.238547e+1	1.717860e-24
 2.248115e+1	1.806750e-24
 2.258020e+1	1.898080e-24
 2.268272e+1	1.991890e-24
 2.278885e+1	2.088230e-24
 2.289871e+1	2.187140e-24
 2.301242e+1	2.288660e-24
 2.313014e+1	2.392820e-24
 2.325199e+1	2.499680e-24
 2.337812e+1	2.609260e-24
 2.350869e+1	2.721600e-24
 2.364384e+1	2.836740e-24
 2.378374e+1	2.954700e-24
 2.392856e+1	3.075520e-24
 2.407847e+1	3.199220e-24
 2.423365e+1	3.325830e-24
 2.439428e+1	3.455370e-24
 2.456056e+1	3.587850e-24
 2.473268e+1	3.723300e-24
 2.491084e+1	3.861720e-24
 2.509527e+1	4.003130e-24
 2.528618e+1	4.147520e-24
 2.548380e+1	4.294900e-24
 2.568837e+1	4.445260e-24
 2.590012e+1	4.598600e-24
 2.611931e+1	4.754890e-24
 2.634621e+1	4.914130e-24
 2.658108e+1	5.076280e-24
 2.682420e+1	5.241310e-24
 2.707587e+1	5.409190e-24
 2.733638e+1	5.579880e-24
 2.760605e+1	5.753330e-24
 2.788520e+1	5.929470e-24
 2.817415e+1	6.108260e-24
 2.847326e+1	6.289620e-24
 2.878288e+1	6.473470e-24
 2.910338e+1	6.659730e-24
 2.943514e+1	6.848310e-24
 2.977856e+1	7.039110e-24
 3.013405e+1	7.232030e-24
 3.050204e+1	7.426940e-24
 3.088295e+1	7.623720e-24
 3.127726e+1	7.822250e-24
 3.168541e+1	8.022390e-24
 3.210792e+1	8.223980e-24
 3.254526e+1	8.426870e-24
 3.299798e+1	8.630910e-24
 3.346661e+1	8.835910e-24
 3.395171e+1	9.041700e-24
 3.445385e+1	9.248090e-24
 3.497364e+1	9.454880e-24
 3.551170e+1	9.661880e-24
 3.606867e+1	9.868880e-24
 3.664521e+1	1.007560e-23
 3.724201e+1	1.028200e-23
 3.785978e+1	1.048760e-23
 3.849926e+1	1.069240e-23
 3.916122e+1	1.089600e-23
 3.984643e+1	1.109820e-23
 4.055573e+1	1.129880e-23
 4.128995e+1	1.149750e-23
 4.204998e+1	1.169400e-23
 4.283672e+1	1.188820e-23
 4.365110e+1	1.207970e-23
 4.449410e+1	1.226820e-23
 4.536673e+1	1.245360e-23
 4.627002e+1	1.263560e-23
 4.720506e+1	1.281380e-23
 4.817295e+1	1.298810e-23
 4.917486e+1	1.315820e-23
 5.021198e+1	1.332380e-23
 5.128555e+1	1.348460e-23
 5.239684e+1	1.364060e-23
 5.354718e+1	1.379130e-23
 5.473796e+1	1.393660e-23
 5.597057e+1	1.407630e-23
 5.724651e+1	1.421010e-23
 5.856728e+1	1.433790e-23
 5.993447e+1	1.445940e-23
 6.134971e+1	1.457440e-23
 6.281468e+1	1.468290e-23
 6.433113e+1	1.478450e-23
 6.590087e+1	1.487920e-23
 6.752578e+1	1.496680e-23
 6.920779e+1	1.504730e-23
 7.094891e+1	1.512040e-23
 7.275121e+1	1.518610e-23
 7.461686e+1	1.524430e-23
 7.654806e+1	1.529490e-23
 7.854713e+1	1.533800e-23
 8.061646e+1	1.537330e-23
 8.275850e+1	1.540100e-23
 8.497582e+1	1.542090e-23
 8.727107e+1	1.543320e-23
 8.964697e+1	1.543780e-23
 9.210637e+1	1.543470e-23
 9.465219e+1	1.542410e-23
 9.728748e+1	1.540590e-23
 1.000154e+2	1.538020e-23
 1.028392e+2	1.534720e-23
 1.057621e+2	1.530690e-23
 1.087879e+2	1.525950e-23
 1.119199e+2	1.520500e-23
 1.151620e+2	1.514360e-23
 1.185181e+2	1.507540e-23
 1.219921e+2	1.500070e-23
 1.255881e+2	1.491960e-23
 1.293106e+2	1.483220e-23
 1.331638e+2	1.473870e-23
 1.371525e+2	1.463940e-23
 1.412814e+2	1.453430e-23
 1.455553e+2	1.442390e-23
 1.499795e+2	1.430810e-23
 1.545591e+2	1.418740e-23
 1.592996e+2	1.406180e-23
 1.642067e+2	1.393160e-23
 1.692863e+2	1.379700e-23
 1.745444e+2	1.365830e-23
 1.799873e+2	1.351560e-23
 1.856215e+2	1.336930e-23
 1.914536e+2	1.321950e-23
 1.974907e+2	1.306640e-23
 2.037400e+2	1.291040e-23
 2.102088e+2	1.275160e-23
 2.169050e+2	1.259010e-23
 2.238366e+2	1.242640e-23
 2.310117e+2	1.226050e-23
 2.384389e+2	1.209270e-23
 2.461272e+2	1.192320e-23
 2.540856e+2	1.175220e-23
 2.623238e+2	1.158000e-23
 2.708514e+2	1.140660e-23
 2.796787e+2	1.123230e-23
 2.888163e+2	1.105720e-23
 2.982749e+2	1.088170e-23
 3.080659e+2	1.070570e-23
 3.182010e+2	1.052960e-23
 3.286923e+2	1.035340e-23
 3.395523e+2	1.017730e-23
 3.507939e+2	1.000150e-23
 3.624306e+2	9.826050e-24
 3.744762e+2	9.651190e-24
 3.869451e+2	9.477000e-24
 3.998522e+2	9.303610e-24
 4.132128e+2	9.131140e-24
 4.270430e+2	8.959710e-24
 4.413593e+2	8.789420e-24
 4.561786e+2	8.620360e-24
 4.715187e+2	8.452650e-24
 4.873979e+2	8.286350e-24
 5.038351e+2	8.121570e-24
 5.208500e+2	7.958370e-24
 5.384628e+2	7.796830e-24
 5.566946e+2	7.637010e-24
 5.755670e+2	7.478980e-24
 5.951027e+2	7.322800e-24
 6.153249e+2	7.168510e-24
 6.362578e+2	7.016170e-24
 6.579263e+2	6.865810e-24
 6.803562e+2	6.717480e-24
 7.035744e+2	6.571210e-24
 7.276086e+2	6.427040e-24
 7.524873e+2	6.284980e-24
 7.782403e+2	6.145060e-24
 8.048984e+2	6.007300e-24
 8.324933e+2	5.871710e-24
 8.610579e+2	5.738320e-24
 8.906264e+2	5.607120e-24
 9.212339e+2	5.478130e-24
 9.529171e+2	5.351350e-24
 9.857137e+2	5.226770e-24
