 2.013611e+1	0.000000e+0
 2.013700e+1	6.974660e-29
 2.017125e+1	2.451050e-26
 2.020763e+1	4.988230e-26
 2.024529e+1	7.614570e-26
 2.028426e+1	1.033320e-25
 2.032461e+1	1.314740e-25
 2.036638e+1	1.606050e-25
 2.040961e+1	1.907590e-25
 2.045437e+1	2.219730e-25
 2.050069e+1	2.542840e-25
 2.054865e+1	2.877310e-25
 2.059829e+1	3.223530e-25
 2.064967e+1	3.581920e-25
 2.070286e+1	3.952900e-25
 2.075792e+1	4.336920e-25
 2.081491e+1	4.734430e-25
 2.087391e+1	5.145910e-25
 2.093498e+1	5.571850e-25
 2.099820e+1	6.012770e-25
 2.106364e+1	6.469170e-25
 2.113137e+1	6.941620e-25
 2.120149e+1	7.430670e-25
 2.127407e+1	7.936900e-25
 2.134921e+1	8.460930e-25
 2.142698e+1	9.003370e-25
 2.150748e+1	9.564870e-25
 2.159082e+1	1.014610e-24
 2.167708e+1	1.074780e-24
 2.176638e+1	1.137060e-24
 2.185881e+1	1.201530e-24
 2.195449e+1	1.268260e-24
 2.205354e+1	1.324090e-24
 2.215606e+1	1.370230e-24
 2.226219e+1	1.417990e-24
 2.237205e+1	1.467420e-24
 2.248576e+1	1.518590e-24
 2.260348e+1	1.571570e-24
 2.272533e+1	1.626400e-24
 2.285146e+1	1.683160e-24
 2.298203e+1	1.741910e-24
 2.311718e+1	1.802730e-24
 2.325709e+1	1.865690e-24
 2.340191e+1	1.930860e-24
 2.355181e+1	1.998320e-24
 2.370699e+1	2.068150e-24
 2.386762e+1	2.140430e-24
 2.403390e+1	2.211860e-24
 2.420602e+1	2.272110e-24
 2.438418e+1	2.334460e-24
 2.456861e+1	2.399010e-24
 2.475952e+1	2.465830e-24
 2.495714e+1	2.535000e-24
 2.516171e+1	2.606600e-24
 2.537346e+1	2.680710e-24
 2.559265e+1	2.757430e-24
 2.581955e+1	2.836840e-24
 2.605442e+1	2.908160e-24
 2.629754e+1	2.944630e-24
 2.654921e+1	2.982380e-24
 2.680973e+1	3.021460e-24
 2.707939e+1	3.061910e-24
 2.735854e+1	3.103780e-24
 2.764749e+1	3.147120e-24
 2.794660e+1	3.191990e-24
 2.825622e+1	3.212810e-24
 2.857672e+1	3.228840e-24
 2.890848e+1	3.245420e-24
 2.925190e+1	3.262600e-24
 2.960740e+1	3.280370e-24
 2.997538e+1	3.298770e-24
 3.035629e+1	3.282190e-24
 3.075060e+1	3.262470e-24
 3.115875e+1	3.242060e-24
 3.158126e+1	3.220940e-24
 3.201861e+1	3.198140e-24
 3.247132e+1	3.152870e-24
 3.293995e+1	3.106000e-24
 3.342505e+1	3.057490e-24
 3.392719e+1	3.007280e-24
 3.444698e+1	2.888250e-24
 3.498504e+1	2.753740e-24
 3.554201e+1	2.614500e-24
 3.611855e+1	2.485180e-24
 3.671535e+1	2.410580e-24
 3.733312e+1	2.333360e-24
 3.797260e+1	2.253420e-24
 3.863456e+1	2.170680e-24
 3.931977e+1	2.085030e-24
 4.002907e+1	1.997670e-24
 4.076330e+1	1.938940e-24
 4.152332e+1	1.878130e-24
 4.231006e+1	1.815200e-24
 4.312444e+1	1.750040e-24
 4.396744e+1	1.682600e-24
 4.484007e+1	1.612790e-24
 4.574336e+1	1.525660e-24
 4.667840e+1	1.432160e-24
 4.764629e+1	1.335370e-24
 4.864820e+1	1.235180e-24
 4.968532e+1	1.131470e-24
 5.075889e+1	1.067350e-24
 5.187018e+1	1.022110e-24
 5.302053e+1	9.782380e-25
 5.421130e+1	9.357350e-25
 5.544392e+1	8.945920e-25
 5.671985e+1	8.547960e-25
 5.804062e+1	8.163350e-25
 5.940781e+1	7.791940e-25
 6.082305e+1	7.433550e-25
 6.228802e+1	7.088000e-25
 6.380447e+1	6.755080e-25
 6.537421e+1	6.434570e-25
 6.699912e+1	6.126250e-25
 6.868113e+1	5.829860e-25
 7.042225e+1	5.545140e-25
 7.222455e+1	5.271850e-25
 7.409020e+1	5.009690e-25
 7.602140e+1	4.758400e-25
 7.802048e+1	4.517680e-25
 8.008980e+1	4.287240e-25
 8.223184e+1	4.066800e-25
 8.444917e+1	3.856040e-25
 8.674441e+1	3.654680e-25
 8.912031e+1	3.462420e-25
 9.157971e+1	3.278950e-25
 9.412553e+1	3.103970e-25
 9.676082e+1	2.937200e-25
 9.948872e+1	2.778340e-25
 1.023125e+2	2.627090e-25
 1.052355e+2	2.483180e-25
 1.082612e+2	2.346320e-25
 1.113932e+2	2.216230e-25
 1.146354e+2	2.092640e-25
 1.179914e+2	1.975290e-25
 1.214654e+2	1.863920e-25
 1.250615e+2	1.758270e-25
 1.287839e+2	1.658090e-25
 1.326372e+2	1.563150e-25
 1.366259e+2	1.473220e-25
 1.407547e+2	1.388060e-25
 1.450286e+2	1.307450e-25
 1.494528e+2	1.231190e-25
 1.540324e+2	1.159070e-25
 1.587730e+2	1.090890e-25
 1.636801e+2	1.026460e-25
 1.687597e+2	9.655960e-26
 1.740178e+2	9.081250e-26
 1.794606e+2	8.538750e-26
 1.850948e+2	8.026830e-26
 1.909270e+2	7.543940e-26
 1.969640e+2	7.088570e-26
 2.032133e+2	6.659300e-26
 2.096822e+2	6.254750e-26
 2.163784e+2	5.873610e-26
 2.233099e+2	5.514630e-26
 2.304850e+2	5.176630e-26
 2.379123e+2	4.858460e-26
 2.456005e+2	4.559050e-26
 2.535590e+2	4.277350e-26
 2.617971e+2	4.012390e-26
 2.703247e+2	3.763230e-26
 2.791521e+2	3.528990e-26
 2.882896e+2	3.308830e-26
 2.977482e+2	3.101950e-26
 3.075393e+2	2.907580e-26
 3.176744e+2	2.725010e-26
 3.281657e+2	2.553560e-26
 3.390256e+2	2.392590e-26
 3.502672e+2	2.241470e-26
 3.619039e+2	2.099650e-26
 3.739495e+2	1.966560e-26
 3.864184e+2	1.841690e-26
 3.993255e+2	1.724560e-26
 4.126862e+2	1.614700e-26
 4.265164e+2	1.511680e-26
 4.408326e+2	1.415090e-26
 4.556519e+2	1.324540e-26
 4.709921e+2	1.239670e-26
 4.868712e+2	1.160120e-26
 5.033085e+2	1.085590e-26
 5.203233e+2	1.015750e-26
 5.379361e+2	9.503230e-27
 5.561679e+2	8.890390e-27
 5.750404e+2	8.316410e-27
 5.945761e+2	7.778890e-27
 6.147983e+2	7.275580e-27
 6.357311e+2	6.804340e-27
 6.573996e+2	6.363170e-27
 6.798296e+2	5.950210e-27
 7.030478e+2	5.563690e-27
 7.270819e+2	5.201950e-27
 7.519606e+2	4.863430e-27
 7.777137e+2	4.546670e-27
 8.043717e+2	4.250290e-27
 8.319666e+2	3.973020e-27
 8.605312e+2	3.713640e-27
 8.900997e+2	3.471010e-27
 9.207073e+2	3.244070e-27
 9.523904e+2	3.031810e-27
 9.851870e+2	2.833320e-27
