 2.013751e+1	0.000000e+0
 2.013900e+1	6.979900e-29
 2.017265e+1	2.452890e-26
 2.020903e+1	4.991980e-26
 2.024669e+1	7.620300e-26
 2.028566e+1	1.034100e-25
 2.032601e+1	1.315730e-25
 2.036778e+1	1.607250e-25
 2.041101e+1	1.909030e-25
 2.045577e+1	2.221400e-25
 2.050209e+1	2.544760e-25
 2.055005e+1	2.879470e-25
 2.059969e+1	3.225950e-25
 2.065107e+1	3.584610e-25
 2.070426e+1	3.955870e-25
 2.075932e+1	4.340170e-25
 2.081631e+1	4.737990e-25
 2.087531e+1	5.149780e-25
 2.093638e+1	5.576040e-25
 2.099960e+1	6.017290e-25
 2.106504e+1	6.474040e-25
 2.113277e+1	6.946840e-25
 2.120289e+1	7.436250e-25
 2.127547e+1	7.942870e-25
 2.135061e+1	8.467290e-25
 2.142838e+1	9.010130e-25
 2.150888e+1	9.572060e-25
 2.159222e+1	1.015370e-24
 2.167848e+1	1.075580e-24
 2.176778e+1	1.137910e-24
 2.186021e+1	1.202430e-24
 2.195589e+1	1.269210e-24
 2.205494e+1	1.324720e-24
 2.215746e+1	1.370860e-24
 2.226359e+1	1.418620e-24
 2.237345e+1	1.468050e-24
 2.248716e+1	1.519220e-24
 2.260488e+1	1.572200e-24
 2.272673e+1	1.627030e-24
 2.285286e+1	1.683790e-24
 2.298343e+1	1.742540e-24
 2.311858e+1	1.803360e-24
 2.325849e+1	1.866320e-24
 2.340331e+1	1.931490e-24
 2.355321e+1	1.998950e-24
 2.370839e+1	2.068780e-24
 2.386902e+1	2.141060e-24
 2.403530e+1	2.212350e-24
 2.420742e+1	2.272600e-24
 2.438558e+1	2.334950e-24
 2.457001e+1	2.399500e-24
 2.476092e+1	2.466320e-24
 2.495854e+1	2.535490e-24
 2.516311e+1	2.607090e-24
 2.537486e+1	2.681200e-24
 2.559405e+1	2.757920e-24
 2.582095e+1	2.837330e-24
 2.605582e+1	2.908370e-24
 2.629894e+1	2.944840e-24
 2.655061e+1	2.982590e-24
 2.681113e+1	3.021670e-24
 2.708079e+1	3.062120e-24
 2.735994e+1	3.103990e-24
 2.764889e+1	3.147330e-24
 2.794800e+1	3.192200e-24
 2.825762e+1	3.212880e-24
 2.857812e+1	3.228910e-24
 2.890988e+1	3.245490e-24
 2.925330e+1	3.262670e-24
 2.960880e+1	3.280440e-24
 2.997678e+1	3.298840e-24
 3.035769e+1	3.282120e-24
 3.075200e+1	3.262400e-24
 3.116015e+1	3.241990e-24
 3.158266e+1	3.220870e-24
 3.202001e+1	3.198000e-24
 3.247272e+1	3.152730e-24
 3.294135e+1	3.105860e-24
 3.342645e+1	3.057350e-24
 3.392859e+1	3.007140e-24
 3.444838e+1	2.887900e-24
 3.498644e+1	2.753390e-24
 3.554341e+1	2.614150e-24
 3.611995e+1	2.485010e-24
 3.671675e+1	2.410410e-24
 3.733452e+1	2.333190e-24
 3.797400e+1	2.253250e-24
 3.863596e+1	2.170510e-24
 3.932117e+1	2.084850e-24
 4.003047e+1	1.997560e-24
 4.076470e+1	1.938820e-24
 4.152472e+1	1.878020e-24
 4.231146e+1	1.815080e-24
 4.312584e+1	1.749930e-24
 4.396884e+1	1.682490e-24
 4.484147e+1	1.612680e-24
 4.574476e+1	1.525520e-24
 4.667980e+1	1.432020e-24
 4.764769e+1	1.335230e-24
 4.864960e+1	1.235040e-24
 4.968672e+1	1.131330e-24
 5.076029e+1	1.067300e-24
 5.187158e+1	1.022050e-24
 5.302193e+1	9.781870e-25
 5.421270e+1	9.356870e-25
 5.544532e+1	8.945470e-25
 5.672125e+1	8.547540e-25
 5.804202e+1	8.162960e-25
 5.940921e+1	7.791570e-25
 6.082445e+1	7.433210e-25
 6.228942e+1	7.087680e-25
 6.380587e+1	6.754780e-25
 6.537561e+1	6.434300e-25
 6.700052e+1	6.125990e-25
 6.868253e+1	5.829620e-25
 7.042365e+1	5.544920e-25
 7.222595e+1	5.271640e-25
 7.409160e+1	5.009500e-25
 7.602280e+1	4.758220e-25
 7.802188e+1	4.517520e-25
 8.009120e+1	4.287090e-25
 8.223324e+1	4.066660e-25
 8.445057e+1	3.855920e-25
 8.674581e+1	3.654560e-25
 8.912171e+1	3.462310e-25
 9.158111e+1	3.278850e-25
 9.412693e+1	3.103880e-25
 9.676222e+1	2.937120e-25
 9.949012e+1	2.778260e-25
 1.023139e+2	2.627020e-25
 1.052369e+2	2.483110e-25
 1.082626e+2	2.346260e-25
 1.113946e+2	2.216170e-25
 1.146368e+2	2.092590e-25
 1.179928e+2	1.975250e-25
 1.214668e+2	1.863880e-25
 1.250629e+2	1.758230e-25
 1.287853e+2	1.658060e-25
 1.326386e+2	1.563120e-25
 1.366273e+2	1.473190e-25
 1.407561e+2	1.388030e-25
 1.450300e+2	1.307420e-25
 1.494542e+2	1.231170e-25
 1.540338e+2	1.159050e-25
 1.587743e+2	1.090870e-25
 1.636815e+2	1.026440e-25
 1.687611e+2	9.655800e-26
 1.740192e+2	9.081100e-26
 1.794621e+2	8.538620e-26
 1.850962e+2	8.026710e-26
 1.909283e+2	7.543830e-26
 1.969655e+2	7.088470e-26
 2.032147e+2	6.659210e-26
 2.096836e+2	6.254660e-26
 2.163798e+2	5.873530e-26
 2.233113e+2	5.514570e-26
 2.304864e+2	5.176570e-26
 2.379137e+2	4.858410e-26
 2.456019e+2	4.558990e-26
 2.535604e+2	4.277300e-26
 2.617985e+2	4.012350e-26
 2.703261e+2	3.763190e-26
 2.791535e+2	3.528960e-26
 2.882910e+2	3.308800e-26
 2.977496e+2	3.101920e-26
 3.075407e+2	2.907550e-26
 3.176758e+2	2.724990e-26
 3.281671e+2	2.553540e-26
 3.390270e+2	2.392570e-26
 3.502686e+2	2.241460e-26
 3.619053e+2	2.099630e-26
 3.739509e+2	1.966540e-26
 3.864198e+2	1.841680e-26
 3.993269e+2	1.724550e-26
 4.126876e+2	1.614690e-26
 4.265178e+2	1.511670e-26
 4.408340e+2	1.415080e-26
 4.556533e+2	1.324540e-26
 4.709934e+2	1.239660e-26
 4.868727e+2	1.160120e-26
 5.033099e+2	1.085580e-26
 5.203247e+2	1.015740e-26
 5.379375e+2	9.503180e-27
 5.561693e+2	8.890350e-27
 5.750418e+2	8.316370e-27
 5.945774e+2	7.778860e-27
 6.147997e+2	7.275540e-27
 6.357325e+2	6.804310e-27
 6.574010e+2	6.363150e-27
 6.798310e+2	5.950190e-27
 7.030492e+2	5.563670e-27
 7.270833e+2	5.201930e-27
 7.519620e+2	4.863410e-27
 7.777151e+2	4.546650e-27
 8.043731e+2	4.250280e-27
 8.319680e+2	3.973010e-27
 8.605326e+2	3.713620e-27
 8.901011e+2	3.471000e-27
 9.207087e+2	3.244060e-27
 9.523918e+2	3.031810e-27
 9.851884e+2	2.833310e-27
