 2.057056e+1	0.000000e+0
 2.057200e+1	1.780460e-27
 2.060570e+1	5.277170e-26
 2.064208e+1	1.092400e-25
 2.067974e+1	1.675180e-25
 2.071871e+1	2.276600e-25
 2.075906e+1	2.897170e-25
 2.080083e+1	3.537450e-25
 2.084406e+1	4.197970e-25
 2.088882e+1	4.879300e-25
 2.093514e+1	5.582020e-25
 2.098310e+1	6.306700e-25
 2.103274e+1	7.053940e-25
 2.108412e+1	7.824340e-25
 2.113731e+1	8.618510e-25
 2.119237e+1	9.437060e-25
 2.124936e+1	1.028060e-24
 2.130836e+1	1.114980e-24
 2.136943e+1	1.204530e-24
 2.143265e+1	1.296780e-24
 2.149809e+1	1.391780e-24
 2.156582e+1	1.489610e-24
 2.163594e+1	1.590330e-24
 2.170852e+1	1.694000e-24
 2.178366e+1	1.800700e-24
 2.186143e+1	1.910500e-24
 2.194193e+1	2.023450e-24
 2.202527e+1	2.139630e-24
 2.211153e+1	2.259110e-24
 2.220083e+1	2.381940e-24
 2.229326e+1	2.508200e-24
 2.238894e+1	2.637950e-24
 2.248799e+1	2.771260e-24
 2.259051e+1	2.908190e-24
 2.269664e+1	3.048800e-24
 2.280650e+1	3.193150e-24
 2.292021e+1	3.341310e-24
 2.303793e+1	3.493330e-24
 2.315978e+1	3.649270e-24
 2.328591e+1	3.809190e-24
 2.341648e+1	3.973120e-24
 2.355163e+1	4.141130e-24
 2.369154e+1	4.313260e-24
 2.383636e+1	4.489540e-24
 2.398626e+1	4.670030e-24
 2.414144e+1	4.854750e-24
 2.430207e+1	5.043740e-24
 2.446835e+1	5.237010e-24
 2.464047e+1	5.434610e-24
 2.481864e+1	5.636530e-24
 2.500306e+1	5.842790e-24
 2.519397e+1	6.053410e-24
 2.539159e+1	6.268360e-24
 2.559616e+1	6.487660e-24
 2.580791e+1	6.711280e-24
 2.602710e+1	6.939210e-24
 2.625400e+1	7.171410e-24
 2.648887e+1	7.407840e-24
 2.673199e+1	7.648470e-24
 2.698366e+1	7.893240e-24
 2.724418e+1	8.142090e-24
 2.751384e+1	8.394940e-24
 2.779299e+1	8.651710e-24
 2.808194e+1	8.912320e-24
 2.838105e+1	9.176650e-24
 2.869067e+1	9.444600e-24
 2.901117e+1	9.716040e-24
 2.934293e+1	9.990840e-24
 2.968635e+1	1.026890e-23
 3.004185e+1	1.054990e-23
 3.040983e+1	1.083390e-23
 3.079074e+1	1.112060e-23
 3.118505e+1	1.140980e-23
 3.159320e+1	1.170130e-23
 3.201571e+1	1.199490e-23
 3.245306e+1	1.229030e-23
 3.290577e+1	1.258740e-23
 3.337440e+1	1.288590e-23
 3.385950e+1	1.318550e-23
 3.436164e+1	1.348590e-23
 3.488144e+1	1.378700e-23
 3.541949e+1	1.408820e-23
 3.597646e+1	1.438950e-23
 3.655300e+1	1.469030e-23
 3.714980e+1	1.499050e-23
 3.776757e+1	1.528970e-23
 3.840705e+1	1.558750e-23
 3.906901e+1	1.588370e-23
 3.975422e+1	1.617770e-23
 4.046352e+1	1.646940e-23
 4.119775e+1	1.675820e-23
 4.195777e+1	1.704390e-23
 4.274451e+1	1.732610e-23
 4.355889e+1	1.760430e-23
 4.440189e+1	1.787830e-23
 4.527452e+1	1.814760e-23
 4.617781e+1	1.841180e-23
 4.711285e+1	1.867070e-23
 4.808074e+1	1.892370e-23
 4.908265e+1	1.917050e-23
 5.011977e+1	1.941080e-23
 5.119334e+1	1.964430e-23
 5.230463e+1	1.987040e-23
 5.345498e+1	2.008900e-23
 5.464575e+1	2.029970e-23
 5.587837e+1	2.050210e-23
 5.715430e+1	2.069590e-23
 5.847507e+1	2.088100e-23
 5.984226e+1	2.105680e-23
 6.125750e+1	2.122330e-23
 6.272247e+1	2.138010e-23
 6.423892e+1	2.152700e-23
 6.580866e+1	2.166380e-23
 6.743357e+1	2.179020e-23
 6.911558e+1	2.190620e-23
 7.085670e+1	2.201150e-23
 7.265900e+1	2.210610e-23
 7.452465e+1	2.218960e-23
 7.645585e+1	2.226220e-23
 7.845493e+1	2.232370e-23
 8.052425e+1	2.237400e-23
 8.266629e+1	2.241320e-23
 8.488362e+1	2.244110e-23
 8.717886e+1	2.245780e-23
 8.955476e+1	2.246340e-23
 9.201416e+1	2.245780e-23
 9.455998e+1	2.244120e-23
 9.719527e+1	2.241360e-23
 9.992317e+1	2.237520e-23
 1.027469e+2	2.232610e-23
 1.056699e+2	2.226640e-23
 1.086957e+2	2.219630e-23
 1.118277e+2	2.211600e-23
 1.150698e+2	2.202560e-23
 1.184259e+2	2.192550e-23
 1.218999e+2	2.181580e-23
 1.254959e+2	2.169680e-23
 1.292184e+2	2.156870e-23
 1.330716e+2	2.143180e-23
 1.370603e+2	2.128650e-23
 1.411892e+2	2.113280e-23
 1.454631e+2	2.097130e-23
 1.498872e+2	2.080210e-23
 1.544668e+2	2.062570e-23
 1.592074e+2	2.044220e-23
 1.641145e+2	2.025210e-23
 1.691941e+2	2.005570e-23
 1.744522e+2	1.985320e-23
 1.798951e+2	1.964510e-23
 1.855292e+2	1.943160e-23
 1.913614e+2	1.921320e-23
 1.973985e+2	1.899000e-23
 2.036478e+2	1.876250e-23
 2.101166e+2	1.853100e-23
 2.168128e+2	1.829580e-23
 2.237443e+2	1.805720e-23
 2.309195e+2	1.781550e-23
 2.383467e+2	1.757110e-23
 2.460350e+2	1.732420e-23
 2.539934e+2	1.707520e-23
 2.622316e+2	1.682430e-23
 2.707592e+2	1.657190e-23
 2.795865e+2	1.631810e-23
 2.887240e+2	1.606330e-23
 2.981827e+2	1.580780e-23
 3.079737e+2	1.555170e-23
 3.181088e+2	1.529540e-23
 3.286001e+2	1.503900e-23
 3.394601e+2	1.478280e-23
 3.507017e+2	1.452700e-23
 3.623383e+2	1.427180e-23
 3.743840e+2	1.401750e-23
 3.868529e+2	1.376410e-23
 3.997600e+2	1.351190e-23
 4.131206e+2	1.326110e-23
 4.269508e+2	1.301180e-23
 4.412671e+2	1.276420e-23
 4.560864e+2	1.251840e-23
 4.714265e+2	1.227460e-23
 4.873057e+2	1.203280e-23
 5.037429e+2	1.179320e-23
 5.207578e+2	1.155600e-23
 5.383706e+2	1.132120e-23
 5.566024e+2	1.108890e-23
 5.754748e+2	1.085920e-23
 5.950105e+2	1.063220e-23
 6.152327e+2	1.040800e-23
 6.361656e+2	1.018660e-23
 6.578341e+2	9.968120e-24
 6.802640e+2	9.752590e-24
 7.034822e+2	9.540050e-24
 7.275163e+2	9.330570e-24
 7.523951e+2	9.124170e-24
 7.781481e+2	8.920890e-24
 8.048062e+2	8.720750e-24
 8.324011e+2	8.523780e-24
 8.609657e+2	8.330000e-24
 8.905341e+2	8.139420e-24
 9.211417e+2	7.952050e-24
 9.528249e+2	7.767890e-24
 9.856214e+2	7.586950e-24
