 2.013629e+1	0.000000e+0
 2.013700e+1	6.975330e-29
 2.017143e+1	2.451280e-26
 2.020781e+1	4.988710e-26
 2.024546e+1	7.615310e-26
 2.028444e+1	1.033420e-25
 2.032479e+1	1.314870e-25
 2.036656e+1	1.606200e-25
 2.040979e+1	1.907770e-25
 2.045455e+1	2.219950e-25
 2.050087e+1	2.543090e-25
 2.054883e+1	2.877590e-25
 2.059847e+1	3.223840e-25
 2.064985e+1	3.582260e-25
 2.070304e+1	3.953280e-25
 2.075810e+1	4.337330e-25
 2.081509e+1	4.734880e-25
 2.087409e+1	5.146410e-25
 2.093516e+1	5.572390e-25
 2.099838e+1	6.013340e-25
 2.106381e+1	6.469790e-25
 2.113155e+1	6.942290e-25
 2.120167e+1	7.431380e-25
 2.127425e+1	7.937660e-25
 2.134938e+1	8.461740e-25
 2.142716e+1	9.004230e-25
 2.150766e+1	9.565790e-25
 2.159100e+1	1.014710e-24
 2.167726e+1	1.074880e-24
 2.176656e+1	1.137170e-24
 2.185899e+1	1.201640e-24
 2.195467e+1	1.268380e-24
 2.205372e+1	1.324170e-24
 2.215624e+1	1.370310e-24
 2.226237e+1	1.418070e-24
 2.237223e+1	1.467500e-24
 2.248594e+1	1.518670e-24
 2.260366e+1	1.571650e-24
 2.272551e+1	1.626480e-24
 2.285164e+1	1.683240e-24
 2.298221e+1	1.741990e-24
 2.311736e+1	1.802810e-24
 2.325726e+1	1.865770e-24
 2.340208e+1	1.930940e-24
 2.355199e+1	1.998400e-24
 2.370717e+1	2.068230e-24
 2.386780e+1	2.140510e-24
 2.403408e+1	2.211930e-24
 2.420620e+1	2.272170e-24
 2.438436e+1	2.334530e-24
 2.456879e+1	2.399080e-24
 2.475970e+1	2.465900e-24
 2.495732e+1	2.535060e-24
 2.516189e+1	2.606660e-24
 2.537364e+1	2.680770e-24
 2.559283e+1	2.757490e-24
 2.581973e+1	2.836900e-24
 2.605460e+1	2.908190e-24
 2.629772e+1	2.944660e-24
 2.654939e+1	2.982410e-24
 2.680990e+1	3.021490e-24
 2.707957e+1	3.061940e-24
 2.735872e+1	3.103810e-24
 2.764767e+1	3.147150e-24
 2.794678e+1	3.192020e-24
 2.825640e+1	3.212820e-24
 2.857690e+1	3.228840e-24
 2.890866e+1	3.245430e-24
 2.925208e+1	3.262600e-24
 2.960758e+1	3.280380e-24
 2.997556e+1	3.298780e-24
 3.035647e+1	3.282180e-24
 3.075078e+1	3.262460e-24
 3.115893e+1	3.242050e-24
 3.158144e+1	3.220930e-24
 3.201879e+1	3.198120e-24
 3.247150e+1	3.152850e-24
 3.294013e+1	3.105990e-24
 3.342523e+1	3.057480e-24
 3.392737e+1	3.007260e-24
 3.444716e+1	2.888210e-24
 3.498522e+1	2.753690e-24
 3.554219e+1	2.614450e-24
 3.611873e+1	2.485160e-24
 3.671553e+1	2.410560e-24
 3.733330e+1	2.333340e-24
 3.797278e+1	2.253400e-24
 3.863474e+1	2.170660e-24
 3.931995e+1	2.085010e-24
 4.002925e+1	1.997660e-24
 4.076347e+1	1.938920e-24
 4.152350e+1	1.878120e-24
 4.231024e+1	1.815180e-24
 4.312462e+1	1.750030e-24
 4.396762e+1	1.682590e-24
 4.484025e+1	1.612780e-24
 4.574354e+1	1.525650e-24
 4.667858e+1	1.432140e-24
 4.764647e+1	1.335350e-24
 4.864838e+1	1.235160e-24
 4.968550e+1	1.131450e-24
 5.075907e+1	1.067350e-24
 5.187036e+1	1.022100e-24
 5.302071e+1	9.782320e-25
 5.421148e+1	9.357290e-25
 5.544410e+1	8.945860e-25
 5.672003e+1	8.547910e-25
 5.804080e+1	8.163300e-25
 5.940799e+1	7.791890e-25
 6.082323e+1	7.433510e-25
 6.228820e+1	7.087960e-25
 6.380465e+1	6.755040e-25
 6.537439e+1	6.434540e-25
 6.699930e+1	6.126210e-25
 6.868131e+1	5.829830e-25
 7.042243e+1	5.545120e-25
 7.222473e+1	5.271820e-25
 7.409038e+1	5.009670e-25
 7.602158e+1	4.758380e-25
 7.802066e+1	4.517660e-25
 8.008998e+1	4.287230e-25
 8.223202e+1	4.066780e-25
 8.444934e+1	3.856030e-25
 8.674459e+1	3.654670e-25
 8.912049e+1	3.462400e-25
 9.157989e+1	3.278930e-25
 9.412571e+1	3.103960e-25
 9.676100e+1	2.937190e-25
 9.948890e+1	2.778330e-25
 1.023127e+2	2.627080e-25
 1.052357e+2	2.483170e-25
 1.082614e+2	2.346310e-25
 1.113934e+2	2.216220e-25
 1.146355e+2	2.092640e-25
 1.179916e+2	1.975290e-25
 1.214656e+2	1.863920e-25
 1.250617e+2	1.758260e-25
 1.287841e+2	1.658090e-25
 1.326374e+2	1.563150e-25
 1.366260e+2	1.473210e-25
 1.407549e+2	1.388050e-25
 1.450288e+2	1.307450e-25
 1.494530e+2	1.231190e-25
 1.540326e+2	1.159060e-25
 1.587731e+2	1.090880e-25
 1.636803e+2	1.026460e-25
 1.687599e+2	9.655940e-26
 1.740180e+2	9.081230e-26
 1.794608e+2	8.538730e-26
 1.850950e+2	8.026820e-26
 1.909271e+2	7.543930e-26
 1.969642e+2	7.088560e-26
 2.032135e+2	6.659290e-26
 2.096824e+2	6.254730e-26
 2.163786e+2	5.873600e-26
 2.233101e+2	5.514630e-26
 2.304852e+2	5.176620e-26
 2.379125e+2	4.858460e-26
 2.456007e+2	4.559040e-26
 2.535592e+2	4.277340e-26
 2.617973e+2	4.012380e-26
 2.703249e+2	3.763230e-26
 2.791522e+2	3.528990e-26
 2.882898e+2	3.308830e-26
 2.977484e+2	3.101940e-26
 3.075394e+2	2.907580e-26
 3.176746e+2	2.725010e-26
 3.281658e+2	2.553560e-26
 3.390258e+2	2.392580e-26
 3.502674e+2	2.241470e-26
 3.619041e+2	2.099640e-26
 3.739497e+2	1.966560e-26
 3.864186e+2	1.841690e-26
 3.993257e+2	1.724560e-26
 4.126864e+2	1.614700e-26
 4.265166e+2	1.511680e-26
 4.408328e+2	1.415090e-26
 4.556521e+2	1.324540e-26
 4.709922e+2	1.239670e-26
 4.868714e+2	1.160120e-26
 5.033087e+2	1.085590e-26
 5.203235e+2	1.015750e-26
 5.379363e+2	9.503220e-27
 5.561681e+2	8.890380e-27
 5.750406e+2	8.316410e-27
 5.945762e+2	7.778890e-27
 6.147984e+2	7.275570e-27
 6.357313e+2	6.804330e-27
 6.573998e+2	6.363170e-27
 6.798297e+2	5.950210e-27
 7.030479e+2	5.563690e-27
 7.270821e+2	5.201950e-27
 7.519608e+2	4.863430e-27
 7.777139e+2	4.546670e-27
 8.043719e+2	4.250290e-27
 8.319668e+2	3.973020e-27
 8.605314e+2	3.713630e-27
 8.900999e+2	3.471000e-27
 9.207074e+2	3.244060e-27
 9.523906e+2	3.031810e-27
 9.851872e+2	2.833320e-27
