 2.070230e+1	0.000000e+0
 2.070300e+1	1.970640e-27
 2.073744e+1	5.757700e-26
 2.077382e+1	1.192170e-25
 2.081147e+1	1.828350e-25
 2.085045e+1	2.484870e-25
 2.089080e+1	3.162310e-25
 2.093257e+1	3.861280e-25
 2.097580e+1	4.582360e-25
 2.102056e+1	5.326180e-25
 2.106688e+1	6.093350e-25
 2.111484e+1	6.884530e-25
 2.116448e+1	7.700340e-25
 2.121586e+1	8.541460e-25
 2.126905e+1	9.408550e-25
 2.132411e+1	1.030230e-24
 2.138110e+1	1.122330e-24
 2.144010e+1	1.217240e-24
 2.150117e+1	1.315030e-24
 2.156439e+1	1.415750e-24
 2.162982e+1	1.519490e-24
 2.169756e+1	1.626320e-24
 2.176768e+1	1.736310e-24
 2.184026e+1	1.849540e-24
 2.191539e+1	1.966070e-24
 2.199317e+1	2.085980e-24
 2.207367e+1	2.209340e-24
 2.215701e+1	2.336240e-24
 2.224327e+1	2.466730e-24
 2.233257e+1	2.600910e-24
 2.242500e+1	2.738820e-24
 2.252068e+1	2.880560e-24
 2.261973e+1	3.026190e-24
 2.272225e+1	3.175780e-24
 2.282838e+1	3.329400e-24
 2.293824e+1	3.487120e-24
 2.305195e+1	3.649000e-24
 2.316967e+1	3.815100e-24
 2.329152e+1	3.985500e-24
 2.341765e+1	4.160250e-24
 2.354822e+1	4.339400e-24
 2.368337e+1	4.523010e-24
 2.382327e+1	4.711130e-24
 2.396809e+1	4.903810e-24
 2.411800e+1	5.101090e-24
 2.427318e+1	5.303010e-24
 2.443381e+1	5.509600e-24
 2.460009e+1	5.720900e-24
 2.477221e+1	5.936930e-24
 2.495037e+1	6.157710e-24
 2.513480e+1	6.383240e-24
 2.532571e+1	6.613550e-24
 2.552333e+1	6.848630e-24
 2.572789e+1	7.088470e-24
 2.593965e+1	7.333050e-24
 2.615884e+1	7.582360e-24
 2.638574e+1	7.836370e-24
 2.662061e+1	8.095040e-24
 2.686373e+1	8.358310e-24
 2.711540e+1	8.626130e-24
 2.737591e+1	8.898430e-24
 2.764558e+1	9.175150e-24
 2.792473e+1	9.456180e-24
 2.821368e+1	9.741430e-24
 2.851279e+1	1.003080e-23
 2.882241e+1	1.032410e-23
 2.914291e+1	1.062130e-23
 2.947467e+1	1.092220e-23
 2.981809e+1	1.122670e-23
 3.017358e+1	1.153450e-23
 3.054157e+1	1.184560e-23
 3.092248e+1	1.215960e-23
 3.131679e+1	1.247650e-23
 3.172494e+1	1.279590e-23
 3.214745e+1	1.311760e-23
 3.258479e+1	1.344150e-23
 3.303751e+1	1.376710e-23
 3.350614e+1	1.409440e-23
 3.399124e+1	1.442290e-23
 3.449338e+1	1.475230e-23
 3.501317e+1	1.508250e-23
 3.555123e+1	1.541290e-23
 3.610820e+1	1.574340e-23
 3.668474e+1	1.607360e-23
 3.728154e+1	1.640300e-23
 3.789931e+1	1.673140e-23
 3.853879e+1	1.705840e-23
 3.920075e+1	1.738350e-23
 3.988596e+1	1.770650e-23
 4.059526e+1	1.802690e-23
 4.132948e+1	1.834420e-23
 4.208951e+1	1.865820e-23
 4.287625e+1	1.896830e-23
 4.369063e+1	1.927420e-23
 4.453363e+1	1.957550e-23
 4.540626e+1	1.987170e-23
 4.630955e+1	2.016250e-23
 4.724459e+1	2.044730e-23
 4.821248e+1	2.072580e-23
 4.921439e+1	2.099760e-23
 5.025151e+1	2.126240e-23
 5.132508e+1	2.151960e-23
 5.243637e+1	2.176890e-23
 5.358671e+1	2.200990e-23
 5.477749e+1	2.224230e-23
 5.601010e+1	2.246570e-23
 5.728604e+1	2.267980e-23
 5.860681e+1	2.288420e-23
 5.997400e+1	2.307860e-23
 6.138924e+1	2.326270e-23
 6.285421e+1	2.343630e-23
 6.437066e+1	2.359910e-23
 6.594040e+1	2.375080e-23
 6.756531e+1	2.389120e-23
 6.924732e+1	2.402010e-23
 7.098844e+1	2.413730e-23
 7.279074e+1	2.424270e-23
 7.465639e+1	2.433620e-23
 7.658759e+1	2.441760e-23
 7.858666e+1	2.448680e-23
 8.065599e+1	2.454380e-23
 8.279803e+1	2.458850e-23
 8.501535e+1	2.462090e-23
 8.731060e+1	2.464100e-23
 8.968650e+1	2.464880e-23
 9.214590e+1	2.464450e-23
 9.469172e+1	2.462800e-23
 9.732701e+1	2.459940e-23
 1.000549e+2	2.455900e-23
 1.028787e+2	2.450680e-23
 1.058017e+2	2.444290e-23
 1.088274e+2	2.436760e-23
 1.119594e+2	2.428110e-23
 1.152016e+2	2.418360e-23
 1.185576e+2	2.407520e-23
 1.220316e+2	2.395630e-23
 1.256277e+2	2.382720e-23
 1.293501e+2	2.368810e-23
 1.332034e+2	2.353930e-23
 1.371920e+2	2.338110e-23
 1.413209e+2	2.321380e-23
 1.455948e+2	2.303780e-23
 1.500190e+2	2.285340e-23
 1.545986e+2	2.266090e-23
 1.593391e+2	2.246070e-23
 1.642463e+2	2.225310e-23
 1.693259e+2	2.203850e-23
 1.745840e+2	2.181730e-23
 1.800268e+2	2.158980e-23
 1.856610e+2	2.135640e-23
 1.914931e+2	2.111750e-23
 1.975302e+2	2.087330e-23
 2.037795e+2	2.062430e-23
 2.102484e+2	2.037090e-23
 2.169446e+2	2.011340e-23
 2.238761e+2	1.985210e-23
 2.310512e+2	1.958740e-23
 2.384785e+2	1.931960e-23
 2.461667e+2	1.904910e-23
 2.541252e+2	1.877620e-23
 2.623633e+2	1.850120e-23
 2.708909e+2	1.822440e-23
 2.797183e+2	1.794620e-23
 2.888558e+2	1.766680e-23
 2.983144e+2	1.738650e-23
 3.081055e+2	1.710550e-23
 3.182406e+2	1.682430e-23
 3.287318e+2	1.654300e-23
 3.395918e+2	1.626180e-23
 3.508334e+2	1.598110e-23
 3.624701e+2	1.570100e-23
 3.745157e+2	1.542180e-23
 3.869846e+2	1.514360e-23
 3.998917e+2	1.486670e-23
 4.132524e+2	1.459130e-23
 4.270826e+2	1.431750e-23
 4.413988e+2	1.404550e-23
 4.562181e+2	1.377550e-23
 4.715582e+2	1.350760e-23
 4.874374e+2	1.324200e-23
 5.038747e+2	1.297880e-23
 5.208895e+2	1.271810e-23
 5.385023e+2	1.246010e-23
 5.567341e+2	1.220480e-23
 5.756066e+2	1.195230e-23
 5.951422e+2	1.170280e-23
 6.153644e+2	1.145640e-23
 6.362973e+2	1.121300e-23
 6.579658e+2	1.097280e-23
 6.803958e+2	1.073580e-23
 7.036140e+2	1.050210e-23
 7.276481e+2	1.027180e-23
 7.525268e+2	1.004480e-23
 7.782799e+2	9.821270e-24
 8.049379e+2	9.601170e-24
 8.325328e+2	9.384540e-24
 8.610974e+2	9.171400e-24
 8.906659e+2	8.961770e-24
 9.212734e+2	8.755670e-24
 9.529566e+2	8.553090e-24
 9.857532e+2	8.354030e-24
