 2.070871e+1	0.000000e+0
 2.071000e+1	6.567820e-28
 2.074385e+1	1.917610e-26
 2.078023e+1	3.970590e-26
 2.081788e+1	6.089440e-26
 2.085686e+1	8.276050e-26
 2.089721e+1	1.053240e-25
 2.093898e+1	1.286030e-25
 2.098221e+1	1.526200e-25
 2.102697e+1	1.773930e-25
 2.107329e+1	2.029450e-25
 2.112125e+1	2.292960e-25
 2.117089e+1	2.564680e-25
 2.122227e+1	2.844820e-25
 2.127546e+1	3.133620e-25
 2.133052e+1	3.431290e-25
 2.138751e+1	3.738060e-25
 2.144651e+1	4.054170e-25
 2.150758e+1	4.379850e-25
 2.157080e+1	4.715330e-25
 2.163623e+1	5.060860e-25
 2.170397e+1	5.416670e-25
 2.177409e+1	5.783010e-25
 2.184667e+1	6.160120e-25
 2.192180e+1	6.548240e-25
 2.199958e+1	6.947630e-25
 2.208008e+1	7.358520e-25
 2.216342e+1	7.781170e-25
 2.224968e+1	8.215810e-25
 2.233898e+1	8.662690e-25
 2.243141e+1	9.122060e-25
 2.252709e+1	9.594150e-25
 2.262614e+1	1.007920e-24
 2.272866e+1	1.057740e-24
 2.283479e+1	1.108910e-24
 2.294465e+1	1.161440e-24
 2.305836e+1	1.215360e-24
 2.317608e+1	1.270690e-24
 2.329793e+1	1.327440e-24
 2.342406e+1	1.385640e-24
 2.355463e+1	1.445320e-24
 2.368978e+1	1.506470e-24
 2.382968e+1	1.569130e-24
 2.397450e+1	1.633310e-24
 2.412441e+1	1.699020e-24
 2.427959e+1	1.766280e-24
 2.444022e+1	1.835090e-24
 2.460650e+1	1.905470e-24
 2.477862e+1	1.977420e-24
 2.495678e+1	2.050960e-24
 2.514121e+1	2.126090e-24
 2.533212e+1	2.202800e-24
 2.552974e+1	2.281100e-24
 2.573431e+1	2.360990e-24
 2.594606e+1	2.442460e-24
 2.616525e+1	2.525500e-24
 2.639215e+1	2.610110e-24
 2.662702e+1	2.696270e-24
 2.687014e+1	2.783960e-24
 2.712181e+1	2.873170e-24
 2.738232e+1	2.963880e-24
 2.765199e+1	3.056050e-24
 2.793114e+1	3.149660e-24
 2.822009e+1	3.244680e-24
 2.851920e+1	3.341070e-24
 2.882882e+1	3.438780e-24
 2.914932e+1	3.537780e-24
 2.948108e+1	3.638020e-24
 2.982450e+1	3.739440e-24
 3.018000e+1	3.841990e-24
 3.054798e+1	3.945600e-24
 3.092889e+1	4.050210e-24
 3.132320e+1	4.155760e-24
 3.173135e+1	4.262160e-24
 3.215386e+1	4.369340e-24
 3.259121e+1	4.477220e-24
 3.304392e+1	4.585710e-24
 3.351255e+1	4.694720e-24
 3.399765e+1	4.804150e-24
 3.449979e+1	4.913910e-24
 3.501958e+1	5.023890e-24
 3.555764e+1	5.133980e-24
 3.611461e+1	5.244080e-24
 3.669115e+1	5.354060e-24
 3.728795e+1	5.463820e-24
 3.790572e+1	5.573230e-24
 3.854520e+1	5.682160e-24
 3.920716e+1	5.790480e-24
 3.989237e+1	5.898080e-24
 4.060167e+1	6.004810e-24
 4.133589e+1	6.110550e-24
 4.209592e+1	6.215150e-24
 4.288266e+1	6.318480e-24
 4.369704e+1	6.420400e-24
 4.454004e+1	6.520780e-24
 4.541267e+1	6.619470e-24
 4.631596e+1	6.716340e-24
 4.725100e+1	6.811240e-24
 4.821889e+1	6.904050e-24
 4.922080e+1	6.994620e-24
 5.025792e+1	7.082820e-24
 5.133149e+1	7.168530e-24
 5.244278e+1	7.251600e-24
 5.359313e+1	7.331920e-24
 5.478390e+1	7.409370e-24
 5.601652e+1	7.483810e-24
 5.729245e+1	7.555150e-24
 5.861322e+1	7.623260e-24
 5.998041e+1	7.688060e-24
 6.139565e+1	7.749420e-24
 6.286062e+1	7.807270e-24
 6.437707e+1	7.861520e-24
 6.594681e+1	7.912080e-24
 6.757172e+1	7.958880e-24
 6.925373e+1	8.001860e-24
 7.099485e+1	8.040940e-24
 7.279715e+1	8.076090e-24
 7.466280e+1	8.107250e-24
 7.659400e+1	8.134390e-24
 7.859308e+1	8.157470e-24
 8.066240e+1	8.176480e-24
 8.280444e+1	8.191400e-24
 8.502176e+1	8.202230e-24
 8.731701e+1	8.208950e-24
 8.969291e+1	8.211600e-24
 9.215231e+1	8.210180e-24
 9.469813e+1	8.204710e-24
 9.733342e+1	8.195230e-24
 1.000613e+2	8.181780e-24
 1.028851e+2	8.164410e-24
 1.058081e+2	8.143170e-24
 1.088338e+2	8.118110e-24
 1.119659e+2	8.089310e-24
 1.152080e+2	8.056840e-24
 1.185640e+2	8.020770e-24
 1.220380e+2	7.981200e-24
 1.256341e+2	7.938200e-24
 1.293565e+2	7.891870e-24
 1.332098e+2	7.842320e-24
 1.371985e+2	7.789640e-24
 1.413273e+2	7.733930e-24
 1.456012e+2	7.675310e-24
 1.500254e+2	7.613890e-24
 1.546050e+2	7.549780e-24
 1.593456e+2	7.483100e-24
 1.642527e+2	7.413970e-24
 1.693323e+2	7.342500e-24
 1.745904e+2	7.268820e-24
 1.800333e+2	7.193050e-24
 1.856674e+2	7.115310e-24
 1.914995e+2	7.035710e-24
 1.975367e+2	6.954390e-24
 2.037859e+2	6.871460e-24
 2.102548e+2	6.787040e-24
 2.169510e+2	6.701250e-24
 2.238825e+2	6.614210e-24
 2.310576e+2	6.526040e-24
 2.384849e+2	6.436840e-24
 2.461731e+2	6.346730e-24
 2.541316e+2	6.255810e-24
 2.623697e+2	6.164200e-24
 2.708974e+2	6.072000e-24
 2.797247e+2	5.979310e-24
 2.888622e+2	5.886220e-24
 2.983208e+2	5.792850e-24
 3.081119e+2	5.699270e-24
 3.182470e+2	5.605570e-24
 3.287382e+2	5.511850e-24
 3.395982e+2	5.418190e-24
 3.508398e+2	5.324660e-24
 3.624765e+2	5.231350e-24
 3.745221e+2	5.138320e-24
 3.869910e+2	5.045650e-24
 3.998981e+2	4.953400e-24
 4.132588e+2	4.861630e-24
 4.270890e+2	4.770420e-24
 4.414052e+2	4.679800e-24
 4.562245e+2	4.589850e-24
 4.715646e+2	4.500600e-24
 4.874438e+2	4.412110e-24
 5.038811e+2	4.324420e-24
 5.208959e+2	4.237570e-24
 5.385087e+2	4.151600e-24
 5.567405e+2	4.066540e-24
 5.756130e+2	3.982440e-24
 5.951486e+2	3.899310e-24
 6.153709e+2	3.817190e-24
 6.363037e+2	3.736110e-24
 6.579722e+2	3.656080e-24
 6.804022e+2	3.577130e-24
 7.036204e+2	3.499270e-24
 7.276545e+2	3.422520e-24
 7.525332e+2	3.346900e-24
 7.782863e+2	3.272420e-24
 8.049443e+2	3.199090e-24
 8.325392e+2	3.126910e-24
 8.611038e+2	3.055900e-24
 8.906723e+2	2.986050e-24
 9.212799e+2	2.917380e-24
 9.529630e+2	2.849880e-24
 9.857596e+2	2.783560e-24
