 2.104354e+1	0.000000e+0
 2.104500e+1	4.575360e-28
 2.107868e+1	1.288650e-26
 2.111506e+1	2.669990e-26
 2.115271e+1	4.095710e-26
 2.119169e+1	5.567090e-26
 2.123204e+1	7.085430e-26
 2.127381e+1	8.652070e-26
 2.131704e+1	1.026840e-25
 2.136180e+1	1.193570e-25
 2.140812e+1	1.365550e-25
 2.145608e+1	1.542910e-25
 2.150572e+1	1.725820e-25
 2.155710e+1	1.914400e-25
 2.161029e+1	2.108820e-25
 2.166535e+1	2.309220e-25
 2.172234e+1	2.515770e-25
 2.178134e+1	2.728610e-25
 2.184241e+1	2.947910e-25
 2.190563e+1	3.173830e-25
 2.197106e+1	3.406520e-25
 2.203880e+1	3.646160e-25
 2.210892e+1	3.892910e-25
 2.218150e+1	4.146930e-25
 2.225663e+1	4.408400e-25
 2.233441e+1	4.677470e-25
 2.241491e+1	4.954310e-25
 2.249825e+1	5.239090e-25
 2.258451e+1	5.531990e-25
 2.267381e+1	5.833160e-25
 2.276624e+1	6.142770e-25
 2.286192e+1	6.460990e-25
 2.296097e+1	6.787970e-25
 2.306349e+1	7.123880e-25
 2.316962e+1	7.468880e-25
 2.327948e+1	7.823120e-25
 2.339319e+1	8.186750e-25
 2.351091e+1	8.559910e-25
 2.363276e+1	8.942760e-25
 2.375889e+1	9.335430e-25
 2.388946e+1	9.738050e-25
 2.402461e+1	1.015070e-24
 2.416451e+1	1.057360e-24
 2.430933e+1	1.100680e-24
 2.445924e+1	1.145040e-24
 2.461442e+1	1.190450e-24
 2.477505e+1	1.236920e-24
 2.494133e+1	1.284450e-24
 2.511345e+1	1.333060e-24
 2.529161e+1	1.382740e-24
 2.547604e+1	1.433500e-24
 2.566695e+1	1.485340e-24
 2.586457e+1	1.538270e-24
 2.606913e+1	1.592280e-24
 2.628089e+1	1.647370e-24
 2.650008e+1	1.703530e-24
 2.672698e+1	1.760760e-24
 2.696185e+1	1.819050e-24
 2.720497e+1	1.878400e-24
 2.745664e+1	1.938780e-24
 2.771715e+1	2.000180e-24
 2.798682e+1	2.062600e-24
 2.826597e+1	2.126000e-24
 2.855492e+1	2.190370e-24
 2.885403e+1	2.255680e-24
 2.916365e+1	2.321910e-24
 2.948415e+1	2.389020e-24
 2.981591e+1	2.456990e-24
 3.015933e+1	2.525780e-24
 3.051482e+1	2.595360e-24
 3.088281e+1	2.665680e-24
 3.126372e+1	2.736690e-24
 3.165803e+1	2.808360e-24
 3.206618e+1	2.880640e-24
 3.248869e+1	2.953460e-24
 3.292603e+1	3.026790e-24
 3.337875e+1	3.100550e-24
 3.384738e+1	3.174690e-24
 3.433248e+1	3.249140e-24
 3.483462e+1	3.323840e-24
 3.535441e+1	3.398720e-24
 3.589247e+1	3.473710e-24
 3.644944e+1	3.548730e-24
 3.702598e+1	3.623700e-24
 3.762278e+1	3.698540e-24
 3.824055e+1	3.773180e-24
 3.888003e+1	3.847530e-24
 3.954199e+1	3.921500e-24
 4.022720e+1	3.995000e-24
 4.093650e+1	4.067950e-24
 4.167072e+1	4.140250e-24
 4.243075e+1	4.211820e-24
 4.321749e+1	4.282550e-24
 4.403187e+1	4.352360e-24
 4.487487e+1	4.421160e-24
 4.574750e+1	4.488830e-24
 4.665079e+1	4.555310e-24
 4.758583e+1	4.620470e-24
 4.855372e+1	4.684250e-24
 4.955563e+1	4.746530e-24
 5.059275e+1	4.807240e-24
 5.166632e+1	4.866270e-24
 5.277761e+1	4.923550e-24
 5.392795e+1	4.978980e-24
 5.511873e+1	5.032470e-24
 5.635134e+1	5.083960e-24
 5.762728e+1	5.133350e-24
 5.894805e+1	5.180580e-24
 6.031524e+1	5.225570e-24
 6.173048e+1	5.268240e-24
 6.319545e+1	5.308550e-24
 6.471190e+1	5.346420e-24
 6.628164e+1	5.381790e-24
 6.790655e+1	5.414620e-24
 6.958856e+1	5.444860e-24
 7.132968e+1	5.472460e-24
 7.313198e+1	5.497400e-24
 7.499763e+1	5.519620e-24
 7.692883e+1	5.539110e-24
 7.892790e+1	5.555850e-24
 8.099723e+1	5.569810e-24
 8.313927e+1	5.580990e-24
 8.535659e+1	5.589380e-24
 8.765184e+1	5.594970e-24
 9.002774e+1	5.597780e-24
 9.248714e+1	5.597810e-24
 9.503296e+1	5.595080e-24
 9.766825e+1	5.589600e-24
 1.003962e+2	5.581410e-24
 1.032199e+2	5.570530e-24
 1.061429e+2	5.557000e-24
 1.091686e+2	5.540860e-24
 1.123007e+2	5.522140e-24
 1.155428e+2	5.500910e-24
 1.188988e+2	5.477200e-24
 1.223728e+2	5.451090e-24
 1.259689e+2	5.422610e-24
 1.296914e+2	5.391850e-24
 1.335446e+2	5.358860e-24
 1.375333e+2	5.323710e-24
 1.416621e+2	5.286470e-24
 1.459361e+2	5.247230e-24
 1.503602e+2	5.206040e-24
 1.549398e+2	5.162990e-24
 1.596804e+2	5.118170e-24
 1.645875e+2	5.071640e-24
 1.696671e+2	5.023490e-24
 1.749252e+2	4.973800e-24
 1.803681e+2	4.922660e-24
 1.860022e+2	4.870140e-24
 1.918344e+2	4.816330e-24
 1.978715e+2	4.761310e-24
 2.041207e+2	4.705170e-24
 2.105896e+2	4.647980e-24
 2.172858e+2	4.589830e-24
 2.242173e+2	4.530800e-24
 2.313924e+2	4.470970e-24
 2.388197e+2	4.410410e-24
 2.465080e+2	4.349200e-24
 2.544664e+2	4.287420e-24
 2.627045e+2	4.225130e-24
 2.712322e+2	4.162420e-24
 2.800595e+2	4.099350e-24
 2.891970e+2	4.035990e-24
 2.986557e+2	3.972400e-24
 3.084467e+2	3.908660e-24
 3.185818e+2	3.844810e-24
 3.290731e+2	3.780930e-24
 3.399330e+2	3.717060e-24
 3.511747e+2	3.653260e-24
 3.628113e+2	3.589600e-24
 3.748569e+2	3.526110e-24
 3.873258e+2	3.462840e-24
 4.002329e+2	3.399850e-24
 4.135936e+2	3.337170e-24
 4.274238e+2	3.274860e-24
 4.417400e+2	3.212940e-24
 4.565594e+2	3.151450e-24
 4.718995e+2	3.090430e-24
 4.877787e+2	3.029920e-24
 5.042159e+2	2.969940e-24
 5.212308e+2	2.910530e-24
 5.388436e+2	2.851700e-24
 5.570753e+2	2.793500e-24
 5.759478e+2	2.735930e-24
 5.954835e+2	2.679020e-24
 6.157057e+2	2.622790e-24
 6.366385e+2	2.567260e-24
 6.583070e+2	2.512440e-24
 6.807370e+2	2.458350e-24
 7.039552e+2	2.405000e-24
 7.279893e+2	2.352410e-24
 7.528681e+2	2.300580e-24
 7.786211e+2	2.249530e-24
 8.052792e+2	2.199250e-24
 8.328741e+2	2.149760e-24
 8.614387e+2	2.101060e-24
 8.910071e+2	2.053160e-24
 9.216147e+2	2.006060e-24
 9.532978e+2	1.959750e-24
 9.860944e+2	1.914250e-24
