 2.080551e+1	0.000000e+0
 2.080700e+1	1.212990e-27
 2.084065e+1	3.504690e-26
 2.087703e+1	7.258130e-26
 2.091468e+1	1.113200e-25
 2.095366e+1	1.512990e-25
 2.099401e+1	1.925520e-25
 2.103578e+1	2.351170e-25
 2.107901e+1	2.790280e-25
 2.112377e+1	3.243250e-25
 2.117009e+1	3.710460e-25
 2.121805e+1	4.192280e-25
 2.126769e+1	4.689120e-25
 2.131907e+1	5.201380e-25
 2.137226e+1	5.729460e-25
 2.142732e+1	6.273780e-25
 2.148431e+1	6.834760e-25
 2.154331e+1	7.412810e-25
 2.160438e+1	8.008380e-25
 2.166760e+1	8.621890e-25
 2.173303e+1	9.253780e-25
 2.180077e+1	9.904490e-25
 2.187089e+1	1.057450e-24
 2.194347e+1	1.126420e-24
 2.201860e+1	1.197400e-24
 2.209638e+1	1.270450e-24
 2.217688e+1	1.345600e-24
 2.226022e+1	1.422910e-24
 2.234648e+1	1.502410e-24
 2.243578e+1	1.584150e-24
 2.252821e+1	1.668180e-24
 2.262389e+1	1.754530e-24
 2.272294e+1	1.843260e-24
 2.282546e+1	1.934410e-24
 2.293159e+1	2.028010e-24
 2.304145e+1	2.124120e-24
 2.315516e+1	2.222760e-24
 2.327288e+1	2.323990e-24
 2.339473e+1	2.427830e-24
 2.352086e+1	2.534330e-24
 2.365143e+1	2.643510e-24
 2.378658e+1	2.755420e-24
 2.392648e+1	2.870080e-24
 2.407130e+1	2.987520e-24
 2.422121e+1	3.107780e-24
 2.437639e+1	3.230860e-24
 2.453702e+1	3.356810e-24
 2.470330e+1	3.485620e-24
 2.487542e+1	3.617330e-24
 2.505358e+1	3.751940e-24
 2.523801e+1	3.889460e-24
 2.542892e+1	4.029890e-24
 2.562654e+1	4.173240e-24
 2.583111e+1	4.319500e-24
 2.604286e+1	4.468660e-24
 2.626205e+1	4.620720e-24
 2.648895e+1	4.775650e-24
 2.672382e+1	4.933430e-24
 2.696694e+1	5.094020e-24
 2.721861e+1	5.257410e-24
 2.747912e+1	5.423540e-24
 2.774879e+1	5.592370e-24
 2.802794e+1	5.763850e-24
 2.831689e+1	5.937910e-24
 2.861600e+1	6.114500e-24
 2.892562e+1	6.293530e-24
 2.924612e+1	6.474930e-24
 2.957788e+1	6.658610e-24
 2.992130e+1	6.844470e-24
 3.027680e+1	7.032410e-24
 3.064478e+1	7.222320e-24
 3.102569e+1	7.414080e-24
 3.142000e+1	7.607560e-24
 3.182815e+1	7.802630e-24
 3.225066e+1	7.999150e-24
 3.268801e+1	8.196970e-24
 3.314072e+1	8.395920e-24
 3.360935e+1	8.595850e-24
 3.409445e+1	8.796580e-24
 3.459659e+1	8.997920e-24
 3.511638e+1	9.199690e-24
 3.565444e+1	9.401690e-24
 3.621141e+1	9.603720e-24
 3.678795e+1	9.805570e-24
 3.738475e+1	1.000700e-23
 3.800252e+1	1.020790e-23
 3.864200e+1	1.040780e-23
 3.930396e+1	1.060670e-23
 3.998917e+1	1.080430e-23
 4.069847e+1	1.100040e-23
 4.143269e+1	1.119460e-23
 4.219272e+1	1.138680e-23
 4.297946e+1	1.157660e-23
 4.379384e+1	1.176400e-23
 4.463684e+1	1.194850e-23
 4.550947e+1	1.212990e-23
 4.641276e+1	1.230800e-23
 4.734780e+1	1.248260e-23
 4.831569e+1	1.265330e-23
 4.931760e+1	1.281990e-23
 5.035472e+1	1.298230e-23
 5.142829e+1	1.314000e-23
 5.253958e+1	1.329300e-23
 5.368993e+1	1.344090e-23
 5.488070e+1	1.358360e-23
 5.611332e+1	1.372080e-23
 5.738925e+1	1.385240e-23
 5.871002e+1	1.397800e-23
 6.007721e+1	1.409750e-23
 6.149245e+1	1.421080e-23
 6.295742e+1	1.431770e-23
 6.447387e+1	1.441790e-23
 6.604361e+1	1.451140e-23
 6.766852e+1	1.459800e-23
 6.935053e+1	1.467770e-23
 7.109165e+1	1.475010e-23
 7.289395e+1	1.481540e-23
 7.475960e+1	1.487340e-23
 7.669080e+1	1.492390e-23
 7.868988e+1	1.496710e-23
 8.075920e+1	1.500280e-23
 8.290124e+1	1.503090e-23
 8.511856e+1	1.505160e-23
 8.741381e+1	1.506470e-23
 8.978971e+1	1.507040e-23
 9.224911e+1	1.506850e-23
 9.479493e+1	1.505930e-23
 9.743022e+1	1.504270e-23
 1.001581e+2	1.501870e-23
 1.029819e+2	1.498760e-23
 1.059049e+2	1.494940e-23
 1.089306e+2	1.490410e-23
 1.120627e+2	1.485200e-23
 1.153048e+2	1.479310e-23
 1.186608e+2	1.472760e-23
 1.221348e+2	1.465560e-23
 1.257309e+2	1.457740e-23
 1.294533e+2	1.449300e-23
 1.333066e+2	1.440260e-23
 1.372953e+2	1.430650e-23
 1.414241e+2	1.420490e-23
 1.456980e+2	1.409790e-23
 1.501222e+2	1.398570e-23
 1.547018e+2	1.386850e-23
 1.594424e+2	1.374660e-23
 1.643495e+2	1.362020e-23
 1.694291e+2	1.348950e-23
 1.746872e+2	1.335470e-23
 1.801301e+2	1.321600e-23
 1.857642e+2	1.307370e-23
 1.915964e+2	1.292800e-23
 1.976335e+2	1.277910e-23
 2.038827e+2	1.262720e-23
 2.103516e+2	1.247260e-23
 2.170478e+2	1.231540e-23
 2.239793e+2	1.215590e-23
 2.311544e+2	1.199430e-23
 2.385817e+2	1.183070e-23
 2.462699e+2	1.166550e-23
 2.542284e+2	1.149880e-23
 2.624665e+2	1.133080e-23
 2.709941e+2	1.116170e-23
 2.798215e+2	1.099170e-23
 2.889590e+2	1.082090e-23
 2.984176e+2	1.064960e-23
 3.082087e+2	1.047790e-23
 3.183438e+2	1.030600e-23
 3.288351e+2	1.013400e-23
 3.396950e+2	9.962070e-24
 3.509366e+2	9.790390e-24
 3.625733e+2	9.619090e-24
 3.746189e+2	9.448300e-24
 3.870878e+2	9.278160e-24
 3.999949e+2	9.108770e-24
 4.133556e+2	8.940270e-24
 4.271858e+2	8.772760e-24
 4.415020e+2	8.606340e-24
 4.563213e+2	8.441120e-24
 4.716615e+2	8.277190e-24
 4.875407e+2	8.114640e-24
 5.039779e+2	7.953550e-24
 5.209927e+2	7.793990e-24
 5.386055e+2	7.636040e-24
 5.568373e+2	7.479770e-24
 5.757098e+2	7.325230e-24
 5.952455e+2	7.172480e-24
 6.154677e+2	7.021580e-24
 6.364005e+2	6.872570e-24
 6.580690e+2	6.725490e-24
 6.804990e+2	6.580380e-24
 7.037172e+2	6.437280e-24
 7.277513e+2	6.296220e-24
 7.526300e+2	6.157220e-24
 7.783831e+2	6.020300e-24
 8.050411e+2	5.885500e-24
 8.326360e+2	5.752810e-24
 8.612006e+2	5.622260e-24
 8.907691e+2	5.493850e-24
 9.213767e+2	5.367590e-24
 9.530598e+2	5.243490e-24
 9.858564e+2	5.121550e-24
