 2.094928e+1	0.000000e+0
 2.095100e+1	9.032050e-28
 2.098442e+1	2.569610e-26
 2.102080e+1	5.323090e-26
 2.105845e+1	8.164990e-26
 2.109743e+1	1.109790e-25
 2.113778e+1	1.412430e-25
 2.117955e+1	1.724700e-25
 2.122278e+1	2.046860e-25
 2.126754e+1	2.379190e-25
 2.131386e+1	2.721970e-25
 2.136182e+1	3.075490e-25
 2.141146e+1	3.440030e-25
 2.146284e+1	3.815890e-25
 2.151603e+1	4.203370e-25
 2.157109e+1	4.602780e-25
 2.162808e+1	5.014420e-25
 2.168708e+1	5.438600e-25
 2.174815e+1	5.875640e-25
 2.181137e+1	6.325870e-25
 2.187680e+1	6.789590e-25
 2.194454e+1	7.267150e-25
 2.201466e+1	7.758860e-25
 2.208724e+1	8.265050e-25
 2.216237e+1	8.786060e-25
 2.224015e+1	9.322210e-25
 2.232065e+1	9.873840e-25
 2.240399e+1	1.044130e-24
 2.249025e+1	1.102490e-24
 2.257955e+1	1.162490e-24
 2.267198e+1	1.224180e-24
 2.276766e+1	1.287580e-24
 2.286671e+1	1.352720e-24
 2.296923e+1	1.419640e-24
 2.307536e+1	1.488370e-24
 2.318522e+1	1.558940e-24
 2.329893e+1	1.631380e-24
 2.341665e+1	1.705710e-24
 2.353850e+1	1.781970e-24
 2.366463e+1	1.860190e-24
 2.379520e+1	1.940380e-24
 2.393035e+1	2.022580e-24
 2.407025e+1	2.106800e-24
 2.421507e+1	2.193070e-24
 2.436498e+1	2.281420e-24
 2.452016e+1	2.371850e-24
 2.468079e+1	2.464380e-24
 2.484707e+1	2.559030e-24
 2.501919e+1	2.655810e-24
 2.519735e+1	2.754730e-24
 2.538178e+1	2.855790e-24
 2.557269e+1	2.959010e-24
 2.577031e+1	3.064370e-24
 2.597488e+1	3.171890e-24
 2.618663e+1	3.281540e-24
 2.640582e+1	3.393340e-24
 2.663272e+1	3.507250e-24
 2.686759e+1	3.623270e-24
 2.711071e+1	3.741370e-24
 2.736238e+1	3.861530e-24
 2.762289e+1	3.983720e-24
 2.789256e+1	4.107910e-24
 2.817171e+1	4.234060e-24
 2.846066e+1	4.362130e-24
 2.875977e+1	4.492060e-24
 2.906939e+1	4.623810e-24
 2.938989e+1	4.757310e-24
 2.972165e+1	4.892500e-24
 3.006507e+1	5.029320e-24
 3.042057e+1	5.167680e-24
 3.078855e+1	5.307510e-24
 3.116946e+1	5.448720e-24
 3.156377e+1	5.591220e-24
 3.197192e+1	5.734910e-24
 3.239443e+1	5.879680e-24
 3.283178e+1	6.025420e-24
 3.328449e+1	6.172030e-24
 3.375312e+1	6.319370e-24
 3.423822e+1	6.467330e-24
 3.474036e+1	6.615760e-24
 3.526015e+1	6.764520e-24
 3.579821e+1	6.913490e-24
 3.635518e+1	7.062500e-24
 3.693172e+1	7.211400e-24
 3.752852e+1	7.360030e-24
 3.814629e+1	7.508240e-24
 3.878577e+1	7.655850e-24
 3.944773e+1	7.802690e-24
 4.013294e+1	7.948590e-24
 4.084224e+1	8.093360e-24
 4.157647e+1	8.236840e-24
 4.233649e+1	8.378830e-24
 4.312323e+1	8.519150e-24
 4.393761e+1	8.657620e-24
 4.478061e+1	8.794040e-24
 4.565324e+1	8.928240e-24
 4.655653e+1	9.060010e-24
 4.749157e+1	9.189180e-24
 4.845946e+1	9.315560e-24
 4.946137e+1	9.438960e-24
 5.049849e+1	9.559200e-24
 5.157206e+1	9.676110e-24
 5.268335e+1	9.789510e-24
 5.383370e+1	9.899220e-24
 5.502447e+1	1.000510e-23
 5.625709e+1	1.010690e-23
 5.753302e+1	1.020460e-23
 5.885379e+1	1.029800e-23
 6.022098e+1	1.038680e-23
 6.163622e+1	1.047110e-23
 6.310119e+1	1.055070e-23
 6.461764e+1	1.062540e-23
 6.618738e+1	1.069520e-23
 6.781229e+1	1.075990e-23
 6.949430e+1	1.081940e-23
 7.123542e+1	1.087370e-23
 7.303772e+1	1.092270e-23
 7.490337e+1	1.096630e-23
 7.683457e+1	1.100440e-23
 7.883365e+1	1.103710e-23
 8.090297e+1	1.106430e-23
 8.304501e+1	1.108590e-23
 8.526234e+1	1.110200e-23
 8.755758e+1	1.111260e-23
 8.993348e+1	1.111760e-23
 9.239288e+1	1.111710e-23
 9.493870e+1	1.111110e-23
 9.757399e+1	1.109970e-23
 1.003019e+2	1.108290e-23
 1.031257e+2	1.106070e-23
 1.060487e+2	1.103330e-23
 1.090744e+2	1.100070e-23
 1.122064e+2	1.096300e-23
 1.154485e+2	1.092040e-23
 1.188046e+2	1.087280e-23
 1.222786e+2	1.082040e-23
 1.258747e+2	1.076340e-23
 1.295971e+2	1.070190e-23
 1.334504e+2	1.063590e-23
 1.374390e+2	1.056570e-23
 1.415679e+2	1.049130e-23
 1.458418e+2	1.041300e-23
 1.502660e+2	1.033080e-23
 1.548456e+2	1.024490e-23
 1.595861e+2	1.015550e-23
 1.644933e+2	1.006280e-23
 1.695728e+2	9.966860e-24
 1.748309e+2	9.867870e-24
 1.802738e+2	9.766010e-24
 1.859080e+2	9.661440e-24
 1.917401e+2	9.554320e-24
 1.977772e+2	9.444810e-24
 2.040265e+2	9.333090e-24
 2.104954e+2	9.219320e-24
 2.171916e+2	9.103640e-24
 2.241231e+2	8.986230e-24
 2.312982e+2	8.867240e-24
 2.387254e+2	8.746830e-24
 2.464137e+2	8.625140e-24
 2.543722e+2	8.502330e-24
 2.626103e+2	8.378530e-24
 2.711379e+2	8.253900e-24
 2.799652e+2	8.128570e-24
 2.891028e+2	8.002680e-24
 2.985614e+2	7.876360e-24
 3.083524e+2	7.749720e-24
 3.184875e+2	7.622910e-24
 3.289788e+2	7.496020e-24
 3.398388e+2	7.369190e-24
 3.510804e+2	7.242510e-24
 3.627171e+2	7.116090e-24
 3.747627e+2	6.990040e-24
 3.872316e+2	6.864440e-24
 4.001387e+2	6.739390e-24
 4.134994e+2	6.614980e-24
 4.273296e+2	6.491290e-24
 4.416458e+2	6.368390e-24
 4.564651e+2	6.246370e-24
 4.718052e+2	6.125290e-24
 4.876844e+2	6.005210e-24
 5.041216e+2	5.886200e-24
 5.211365e+2	5.768310e-24
 5.387493e+2	5.651610e-24
 5.569811e+2	5.536130e-24
 5.758535e+2	5.421920e-24
 5.953892e+2	5.309030e-24
 6.156114e+2	5.197500e-24
 6.365443e+2	5.087350e-24
 6.582128e+2	4.978620e-24
 6.806427e+2	4.871350e-24
 7.038609e+2	4.765550e-24
 7.278951e+2	4.661250e-24
 7.527738e+2	4.558470e-24
 7.785268e+2	4.457230e-24
 8.051849e+2	4.357540e-24
 8.327798e+2	4.259410e-24
 8.613444e+2	4.162850e-24
 8.909129e+2	4.067880e-24
 9.215204e+2	3.974490e-24
 9.532036e+2	3.882690e-24
 9.860002e+2	3.792480e-24
