 2.101388e+1	0.000000e+0
 2.101500e+1	1.062780e-27
 2.104902e+1	3.002790e-26
 2.108540e+1	6.221220e-26
 2.112305e+1	9.543030e-26
 2.116203e+1	1.297120e-25
 2.120238e+1	1.650880e-25
 2.124415e+1	2.015890e-25
 2.128738e+1	2.392470e-25
 2.133214e+1	2.780940e-25
 2.137846e+1	3.181620e-25
 2.142642e+1	3.594860e-25
 2.147606e+1	4.020990e-25
 2.152744e+1	4.460360e-25
 2.158063e+1	4.913320e-25
 2.163569e+1	5.380220e-25
 2.169268e+1	5.861430e-25
 2.175168e+1	6.357310e-25
 2.181275e+1	6.868230e-25
 2.187597e+1	7.394560e-25
 2.194140e+1	7.936690e-25
 2.200914e+1	8.494980e-25
 2.207926e+1	9.069840e-25
 2.215184e+1	9.661630e-25
 2.222697e+1	1.027080e-24
 2.230475e+1	1.089760e-24
 2.238525e+1	1.154250e-24
 2.246859e+1	1.220600e-24
 2.255485e+1	1.288830e-24
 2.264415e+1	1.358990e-24
 2.273658e+1	1.431120e-24
 2.283226e+1	1.505250e-24
 2.293131e+1	1.581420e-24
 2.303383e+1	1.659670e-24
 2.313996e+1	1.740040e-24
 2.324982e+1	1.822560e-24
 2.336353e+1	1.907270e-24
 2.348125e+1	1.994190e-24
 2.360310e+1	2.083370e-24
 2.372923e+1	2.174840e-24
 2.385980e+1	2.268630e-24
 2.399495e+1	2.364760e-24
 2.413485e+1	2.463260e-24
 2.427967e+1	2.564160e-24
 2.442958e+1	2.667490e-24
 2.458476e+1	2.773260e-24
 2.474539e+1	2.881490e-24
 2.491167e+1	2.992200e-24
 2.508379e+1	3.105410e-24
 2.526195e+1	3.221120e-24
 2.544638e+1	3.339350e-24
 2.563729e+1	3.460090e-24
 2.583491e+1	3.583360e-24
 2.603948e+1	3.709140e-24
 2.625123e+1	3.837440e-24
 2.647042e+1	3.968230e-24
 2.669732e+1	4.101520e-24
 2.693219e+1	4.237270e-24
 2.717531e+1	4.375460e-24
 2.742698e+1	4.516080e-24
 2.768749e+1	4.659070e-24
 2.795716e+1	4.804410e-24
 2.823631e+1	4.952040e-24
 2.852526e+1	5.101930e-24
 2.882437e+1	5.254010e-24
 2.913399e+1	5.408210e-24
 2.945449e+1	5.564480e-24
 2.978625e+1	5.722740e-24
 3.012967e+1	5.882910e-24
 3.048517e+1	6.044900e-24
 3.085315e+1	6.208610e-24
 3.123406e+1	6.373940e-24
 3.162837e+1	6.540790e-24
 3.203652e+1	6.709050e-24
 3.245903e+1	6.878580e-24
 3.289638e+1	7.049270e-24
 3.334909e+1	7.220970e-24
 3.381772e+1	7.393550e-24
 3.430282e+1	7.566860e-24
 3.480496e+1	7.740730e-24
 3.532475e+1	7.915010e-24
 3.586281e+1	8.089540e-24
 3.641978e+1	8.264130e-24
 3.699632e+1	8.438610e-24
 3.759312e+1	8.612790e-24
 3.821089e+1	8.786480e-24
 3.885037e+1	8.959490e-24
 3.951233e+1	9.131610e-24
 4.019754e+1	9.302640e-24
 4.090684e+1	9.472370e-24
 4.164107e+1	9.640590e-24
 4.240109e+1	9.807090e-24
 4.318783e+1	9.971650e-24
 4.400221e+1	1.013410e-23
 4.484521e+1	1.029410e-23
 4.571784e+1	1.045150e-23
 4.662113e+1	1.060610e-23
 4.755617e+1	1.075770e-23
 4.852406e+1	1.090600e-23
 4.952597e+1	1.105080e-23
 5.056309e+1	1.119200e-23
 5.163666e+1	1.132930e-23
 5.274795e+1	1.146240e-23
 5.389830e+1	1.159130e-23
 5.508907e+1	1.171560e-23
 5.632169e+1	1.183530e-23
 5.759762e+1	1.195010e-23
 5.891839e+1	1.205980e-23
 6.028558e+1	1.216440e-23
 6.170082e+1	1.226350e-23
 6.316579e+1	1.235710e-23
 6.468224e+1	1.244510e-23
 6.625198e+1	1.252720e-23
 6.787689e+1	1.260350e-23
 6.955890e+1	1.267360e-23
 7.130002e+1	1.273770e-23
 7.310232e+1	1.279550e-23
 7.496797e+1	1.284700e-23
 7.689917e+1	1.289220e-23
 7.889825e+1	1.293090e-23
 8.096757e+1	1.296320e-23
 8.310961e+1	1.298900e-23
 8.532694e+1	1.300830e-23
 8.762218e+1	1.302110e-23
 8.999808e+1	1.302750e-23
 9.245748e+1	1.302730e-23
 9.500330e+1	1.302080e-23
 9.763859e+1	1.300780e-23
 1.003665e+2	1.298860e-23
 1.031903e+2	1.296310e-23
 1.061132e+2	1.293140e-23
 1.091390e+2	1.289360e-23
 1.122710e+2	1.284990e-23
 1.155131e+2	1.280030e-23
 1.188692e+2	1.274490e-23
 1.223432e+2	1.268400e-23
 1.259393e+2	1.261750e-23
 1.296617e+2	1.254580e-23
 1.335150e+2	1.246880e-23
 1.375036e+2	1.238690e-23
 1.416325e+2	1.230000e-23
 1.459064e+2	1.220860e-23
 1.503306e+2	1.211260e-23
 1.549102e+2	1.201230e-23
 1.596507e+2	1.190780e-23
 1.645579e+2	1.179940e-23
 1.696375e+2	1.168720e-23
 1.748955e+2	1.157150e-23
 1.803384e+2	1.145230e-23
 1.859726e+2	1.133000e-23
 1.918047e+2	1.120470e-23
 1.978418e+2	1.107660e-23
 2.040911e+2	1.094580e-23
 2.105599e+2	1.081270e-23
 2.172561e+2	1.067730e-23
 2.241877e+2	1.053980e-23
 2.313628e+2	1.040050e-23
 2.387900e+2	1.025950e-23
 2.464783e+2	1.011700e-23
 2.544368e+2	9.973220e-24
 2.626749e+2	9.828230e-24
 2.712025e+2	9.682260e-24
 2.800298e+2	9.535450e-24
 2.891674e+2	9.387970e-24
 2.986260e+2	9.239980e-24
 3.084170e+2	9.091610e-24
 3.185521e+2	8.943020e-24
 3.290434e+2	8.794340e-24
 3.399034e+2	8.645710e-24
 3.511450e+2	8.497250e-24
 3.627817e+2	8.349090e-24
 3.748273e+2	8.201350e-24
 3.872962e+2	8.054140e-24
 4.002033e+2	7.907560e-24
 4.135640e+2	7.761720e-24
 4.273942e+2	7.616720e-24
 4.417104e+2	7.472640e-24
 4.565297e+2	7.329580e-24
 4.718698e+2	7.187620e-24
 4.877490e+2	7.046830e-24
 5.041862e+2	6.907290e-24
 5.212011e+2	6.769050e-24
 5.388139e+2	6.632200e-24
 5.570457e+2	6.496780e-24
 5.759181e+2	6.362850e-24
 5.954538e+2	6.230460e-24
 6.156760e+2	6.099650e-24
 6.366089e+2	5.970460e-24
 6.582774e+2	5.842940e-24
 6.807073e+2	5.717120e-24
 7.039255e+2	5.593030e-24
 7.279597e+2	5.470690e-24
 7.528384e+2	5.350120e-24
 7.785915e+2	5.231360e-24
 8.052495e+2	5.114420e-24
 8.328444e+2	4.999300e-24
 8.614090e+2	4.886030e-24
 8.909775e+2	4.774610e-24
 9.215850e+2	4.665040e-24
 9.532682e+2	4.557340e-24
 9.860648e+2	4.451510e-24
