 2.101743e+1	0.000000e+0
 2.101753e+1	3.523800e-28
 2.105257e+1	9.952440e-27
 2.108895e+1	2.061970e-26
 2.112660e+1	3.162970e-26
 2.116558e+1	4.299220e-26
 2.120593e+1	5.471730e-26
 2.124770e+1	6.681540e-26
 2.129093e+1	7.929680e-26
 2.133569e+1	9.217240e-26
 2.138201e+1	1.054530e-25
 2.142997e+1	1.191500e-25
 2.147961e+1	1.332730e-25
 2.153099e+1	1.478360e-25
 2.158418e+1	1.628490e-25
 2.163924e+1	1.783250e-25
 2.169623e+1	1.942740e-25
 2.175523e+1	2.107100e-25
 2.181630e+1	2.276440e-25
 2.187952e+1	2.450890e-25
 2.194495e+1	2.630580e-25
 2.201269e+1	2.815620e-25
 2.208281e+1	3.006160e-25
 2.215539e+1	3.202310e-25
 2.223052e+1	3.404200e-25
 2.230830e+1	3.611960e-25
 2.238880e+1	3.825730e-25
 2.247214e+1	4.045630e-25
 2.255840e+1	4.271790e-25
 2.264770e+1	4.504340e-25
 2.274013e+1	4.743400e-25
 2.283581e+1	4.989100e-25
 2.293486e+1	5.241580e-25
 2.303738e+1	5.500940e-25
 2.314351e+1	5.767320e-25
 2.325337e+1	6.040830e-25
 2.336708e+1	6.321590e-25
 2.348480e+1	6.609710e-25
 2.360665e+1	6.905300e-25
 2.373278e+1	7.208480e-25
 2.386335e+1	7.519330e-25
 2.399850e+1	7.837960e-25
 2.413840e+1	8.164450e-25
 2.428322e+1	8.498900e-25
 2.443313e+1	8.841370e-25
 2.458831e+1	9.191950e-25
 2.474894e+1	9.550700e-25
 2.491522e+1	9.917660e-25
 2.508734e+1	1.029290e-24
 2.526550e+1	1.067640e-24
 2.544993e+1	1.106830e-24
 2.564084e+1	1.146850e-24
 2.583846e+1	1.187710e-24
 2.604303e+1	1.229400e-24
 2.625478e+1	1.271930e-24
 2.647397e+1	1.315280e-24
 2.670087e+1	1.359460e-24
 2.693574e+1	1.404460e-24
 2.717886e+1	1.450260e-24
 2.743053e+1	1.496870e-24
 2.769104e+1	1.544270e-24
 2.796071e+1	1.592440e-24
 2.823986e+1	1.641380e-24
 2.852881e+1	1.691060e-24
 2.882792e+1	1.741470e-24
 2.913754e+1	1.792590e-24
 2.945804e+1	1.844380e-24
 2.978980e+1	1.896840e-24
 3.013322e+1	1.949930e-24
 3.048871e+1	2.003630e-24
 3.085670e+1	2.057890e-24
 3.123761e+1	2.112700e-24
 3.163192e+1	2.168010e-24
 3.204007e+1	2.223780e-24
 3.246258e+1	2.279970e-24
 3.289992e+1	2.336550e-24
 3.335264e+1	2.393470e-24
 3.382127e+1	2.450680e-24
 3.430637e+1	2.508120e-24
 3.480851e+1	2.565760e-24
 3.532830e+1	2.623530e-24
 3.586636e+1	2.681390e-24
 3.642333e+1	2.739260e-24
 3.699987e+1	2.797100e-24
 3.759667e+1	2.854840e-24
 3.821444e+1	2.912410e-24
 3.885392e+1	2.969760e-24
 3.951588e+1	3.026820e-24
 4.020109e+1	3.083520e-24
 4.091039e+1	3.139780e-24
 4.164461e+1	3.195550e-24
 4.240464e+1	3.250740e-24
 4.319138e+1	3.305300e-24
 4.400576e+1	3.359130e-24
 4.484876e+1	3.412180e-24
 4.572139e+1	3.464370e-24
 4.662468e+1	3.515620e-24
 4.755972e+1	3.565870e-24
 4.852761e+1	3.615040e-24
 4.952952e+1	3.663060e-24
 5.056664e+1	3.709860e-24
 5.164021e+1	3.755360e-24
 5.275150e+1	3.799510e-24
 5.390184e+1	3.842230e-24
 5.509262e+1	3.883460e-24
 5.632523e+1	3.923130e-24
 5.760117e+1	3.961190e-24
 5.892194e+1	3.997580e-24
 6.028913e+1	4.032240e-24
 6.170437e+1	4.065110e-24
 6.316934e+1	4.096150e-24
 6.468579e+1	4.125310e-24
 6.625553e+1	4.152550e-24
 6.788044e+1	4.177820e-24
 6.956245e+1	4.201090e-24
 7.130357e+1	4.222330e-24
 7.310587e+1	4.241510e-24
 7.497152e+1	4.258590e-24
 7.690272e+1	4.273570e-24
 7.890179e+1	4.286420e-24
 8.097112e+1	4.297130e-24
 8.311316e+1	4.305700e-24
 8.533048e+1	4.312110e-24
 8.762573e+1	4.316360e-24
 9.000163e+1	4.318470e-24
 9.246103e+1	4.318440e-24
 9.500685e+1	4.316270e-24
 9.764214e+1	4.311990e-24
 1.003700e+2	4.305610e-24
 1.031938e+2	4.297160e-24
 1.061168e+2	4.286660e-24
 1.091425e+2	4.274150e-24
 1.122746e+2	4.259660e-24
 1.155167e+2	4.243220e-24
 1.188727e+2	4.224880e-24
 1.223467e+2	4.204680e-24
 1.259428e+2	4.182670e-24
 1.296652e+2	4.158880e-24
 1.335185e+2	4.133380e-24
 1.375072e+2	4.106220e-24
 1.416360e+2	4.077450e-24
 1.459100e+2	4.047130e-24
 1.503341e+2	4.015320e-24
 1.549137e+2	3.982070e-24
 1.596543e+2	3.947450e-24
 1.645614e+2	3.911520e-24
 1.696410e+2	3.874340e-24
 1.748991e+2	3.835970e-24
 1.803420e+2	3.796490e-24
 1.859761e+2	3.755940e-24
 1.918083e+2	3.714400e-24
 1.978454e+2	3.671930e-24
 2.040946e+2	3.628600e-24
 2.105635e+2	3.584460e-24
 2.172597e+2	3.539580e-24
 2.241912e+2	3.494020e-24
 2.313663e+2	3.447850e-24
 2.387936e+2	3.401110e-24
 2.464819e+2	3.353880e-24
 2.544403e+2	3.306200e-24
 2.626784e+2	3.258140e-24
 2.712061e+2	3.209760e-24
 2.800334e+2	3.161090e-24
 2.891709e+2	3.112200e-24
 2.986295e+2	3.063150e-24
 3.084206e+2	3.013970e-24
 3.185557e+2	2.964710e-24
 3.290470e+2	2.915420e-24
 3.399069e+2	2.866150e-24
 3.511486e+2	2.816940e-24
 3.627852e+2	2.767830e-24
 3.748308e+2	2.718850e-24
 3.872997e+2	2.670050e-24
 4.002068e+2	2.621460e-24
 4.135675e+2	2.573120e-24
 4.273977e+2	2.525050e-24
 4.417139e+2	2.477290e-24
 4.565333e+2	2.429860e-24
 4.718734e+2	2.382800e-24
 4.877526e+2	2.336130e-24
 5.041898e+2	2.289870e-24
 5.212047e+2	2.244050e-24
 5.388175e+2	2.198680e-24
 5.570492e+2	2.153790e-24
 5.759217e+2	2.109390e-24
 5.954574e+2	2.065500e-24
 6.156796e+2	2.022140e-24
 6.366124e+2	1.979310e-24
 6.582809e+2	1.937040e-24
 6.807109e+2	1.895330e-24
 7.039291e+2	1.854190e-24
 7.279632e+2	1.813630e-24
 7.528420e+2	1.773670e-24
 7.785950e+2	1.734290e-24
 8.052531e+2	1.695530e-24
 8.328479e+2	1.657360e-24
 8.614126e+2	1.619810e-24
 8.909810e+2	1.582880e-24
 9.215886e+2	1.546550e-24
 9.532717e+2	1.510850e-24
 9.860683e+2	1.475760e-24
