 2.111401e+1	0.000000e+0
 2.111500e+1	6.920890e-28
 2.114915e+1	1.934710e-26
 2.118553e+1	4.009130e-26
 2.122318e+1	6.150220e-26
 2.126216e+1	8.359900e-26
 2.130251e+1	1.064010e-25
 2.134428e+1	1.299290e-25
 2.138751e+1	1.542030e-25
 2.143227e+1	1.792430e-25
 2.147859e+1	2.050720e-25
 2.152655e+1	2.317100e-25
 2.157619e+1	2.591790e-25
 2.162757e+1	2.875030e-25
 2.168076e+1	3.167020e-25
 2.173582e+1	3.468020e-25
 2.179281e+1	3.778240e-25
 2.185181e+1	4.097920e-25
 2.191288e+1	4.427300e-25
 2.197610e+1	4.766630e-25
 2.204153e+1	5.116150e-25
 2.210927e+1	5.476100e-25
 2.217939e+1	5.846740e-25
 2.225197e+1	6.228300e-25
 2.232710e+1	6.621050e-25
 2.240488e+1	7.025230e-25
 2.248538e+1	7.441100e-25
 2.256872e+1	7.868900e-25
 2.265498e+1	8.308890e-25
 2.274428e+1	8.761330e-25
 2.283671e+1	9.226450e-25
 2.293239e+1	9.704510e-25
 2.303144e+1	1.019570e-24
 2.313396e+1	1.070040e-24
 2.324009e+1	1.121870e-24
 2.334995e+1	1.175100e-24
 2.346366e+1	1.229730e-24
 2.358138e+1	1.285800e-24
 2.370323e+1	1.343320e-24
 2.382936e+1	1.402320e-24
 2.395993e+1	1.462820e-24
 2.409508e+1	1.524840e-24
 2.423499e+1	1.588380e-24
 2.437981e+1	1.653480e-24
 2.452971e+1	1.720140e-24
 2.468489e+1	1.788390e-24
 2.484552e+1	1.858220e-24
 2.501180e+1	1.929660e-24
 2.518392e+1	2.002710e-24
 2.536208e+1	2.077380e-24
 2.554651e+1	2.153680e-24
 2.573742e+1	2.231610e-24
 2.593504e+1	2.311160e-24
 2.613961e+1	2.392350e-24
 2.635136e+1	2.475160e-24
 2.657055e+1	2.559590e-24
 2.679745e+1	2.645640e-24
 2.703232e+1	2.733280e-24
 2.727544e+1	2.822500e-24
 2.752711e+1	2.913290e-24
 2.778762e+1	3.005620e-24
 2.805729e+1	3.099470e-24
 2.833644e+1	3.194820e-24
 2.862539e+1	3.291620e-24
 2.892450e+1	3.389840e-24
 2.923412e+1	3.489450e-24
 2.955462e+1	3.590400e-24
 2.988638e+1	3.692640e-24
 3.022980e+1	3.796120e-24
 3.058530e+1	3.900780e-24
 3.095328e+1	4.006570e-24
 3.133419e+1	4.113420e-24
 3.172850e+1	4.221250e-24
 3.213665e+1	4.330000e-24
 3.255916e+1	4.439590e-24
 3.299651e+1	4.549930e-24
 3.344922e+1	4.660940e-24
 3.391785e+1	4.772530e-24
 3.440295e+1	4.884600e-24
 3.490509e+1	4.997050e-24
 3.542488e+1	5.109780e-24
 3.596294e+1	5.222670e-24
 3.651991e+1	5.335620e-24
 3.709645e+1	5.448520e-24
 3.769325e+1	5.561230e-24
 3.831102e+1	5.673640e-24
 3.895050e+1	5.785620e-24
 3.961246e+1	5.897040e-24
 4.029767e+1	6.007770e-24
 4.100697e+1	6.117680e-24
 4.174120e+1	6.226620e-24
 4.250122e+1	6.334470e-24
 4.328796e+1	6.441080e-24
 4.410234e+1	6.546300e-24
 4.494534e+1	6.650010e-24
 4.581797e+1	6.752040e-24
 4.672126e+1	6.852270e-24
 4.765630e+1	6.950550e-24
 4.862419e+1	7.046750e-24
 4.962610e+1	7.140710e-24
 5.066322e+1	7.232300e-24
 5.173679e+1	7.321380e-24
 5.284808e+1	7.407830e-24
 5.399843e+1	7.491510e-24
 5.518920e+1	7.572290e-24
 5.642182e+1	7.650040e-24
 5.769775e+1	7.724660e-24
 5.901852e+1	7.796030e-24
 6.038571e+1	7.864020e-24
 6.180095e+1	7.928550e-24
 6.326592e+1	7.989520e-24
 6.478237e+1	8.046820e-24
 6.635211e+1	8.100370e-24
 6.797702e+1	8.150100e-24
 6.965903e+1	8.195930e-24
 7.140015e+1	8.237800e-24
 7.320245e+1	8.275650e-24
 7.506810e+1	8.309420e-24
 7.699930e+1	8.339080e-24
 7.899838e+1	8.364600e-24
 8.106770e+1	8.385940e-24
 8.320974e+1	8.403090e-24
 8.542707e+1	8.416040e-24
 8.772231e+1	8.424780e-24
 9.009821e+1	8.429320e-24
 9.255761e+1	8.429690e-24
 9.510343e+1	8.425890e-24
 9.773872e+1	8.417950e-24
 1.004666e+2	8.405930e-24
 1.032904e+2	8.389850e-24
 1.062134e+2	8.369770e-24
 1.092391e+2	8.345760e-24
 1.123712e+2	8.317870e-24
 1.156133e+2	8.286170e-24
 1.189693e+2	8.250760e-24
 1.224433e+2	8.211700e-24
 1.260394e+2	8.169090e-24
 1.297618e+2	8.123020e-24
 1.336151e+2	8.073590e-24
 1.376038e+2	8.020900e-24
 1.417326e+2	7.965070e-24
 1.460066e+2	7.906190e-24
 1.504307e+2	7.844390e-24
 1.550103e+2	7.779780e-24
 1.597509e+2	7.712470e-24
 1.646580e+2	7.642600e-24
 1.697376e+2	7.570270e-24
 1.749957e+2	7.495620e-24
 1.804385e+2	7.418770e-24
 1.860727e+2	7.339840e-24
 1.919049e+2	7.258950e-24
 1.979419e+2	7.176240e-24
 2.041912e+2	7.091820e-24
 2.106601e+2	7.005820e-24
 2.173563e+2	6.918370e-24
 2.242878e+2	6.829570e-24
 2.314629e+2	6.739560e-24
 2.388902e+2	6.648450e-24
 2.465784e+2	6.556340e-24
 2.545369e+2	6.463370e-24
 2.627750e+2	6.369640e-24
 2.713027e+2	6.275250e-24
 2.801300e+2	6.180310e-24
 2.892675e+2	6.084930e-24
 2.987261e+2	5.989200e-24
 3.085172e+2	5.893230e-24
 3.186523e+2	5.797090e-24
 3.291436e+2	5.700890e-24
 3.400035e+2	5.604720e-24
 3.512451e+2	5.508640e-24
 3.628818e+2	5.412750e-24
 3.749274e+2	5.317120e-24
 3.873963e+2	5.221830e-24
 4.003034e+2	5.126940e-24
 4.136641e+2	5.032520e-24
 4.274943e+2	4.938640e-24
 4.418105e+2	4.845350e-24
 4.566298e+2	4.752710e-24
 4.719699e+2	4.660780e-24
 4.878492e+2	4.569590e-24
 5.042864e+2	4.479210e-24
 5.213012e+2	4.389680e-24
 5.389140e+2	4.301030e-24
 5.571458e+2	4.213310e-24
 5.760183e+2	4.126540e-24
 5.955539e+2	4.040770e-24
 6.157762e+2	3.956020e-24
 6.367090e+2	3.872320e-24
 6.583775e+2	3.789690e-24
 6.808075e+2	3.708160e-24
 7.040257e+2	3.627740e-24
 7.280598e+2	3.548460e-24
 7.529385e+2	3.470320e-24
 7.786916e+2	3.393350e-24
 8.053496e+2	3.317550e-24
 8.329445e+2	3.242940e-24
 8.615091e+2	3.169520e-24
 8.910776e+2	3.097300e-24
 9.216852e+2	3.026270e-24
 9.533683e+2	2.956460e-24
 9.861649e+2	2.887840e-24
