11.55	0.00
11.60	0.00543
11.61	0.00643
11.62	0.00693
11.63	0.00704
11.64	0.00699
11.65	0.00623
11.66	0.00633
11.67	0.00663
11.68	0.00665
11.69	0.00633
11.70	0.00603
11.71	0.00573
11.72	0.00577
11.73	0.00586
11.75	0.00714
11.77	0.00815
11.80	0.00832
11.81	0.00840
11.84	0.0120
11.88	0.00681
11.90	0.00626
11.94	0.00644
12.0	0.00704
12.1	0.00889
12.2	0.0105
12.4	0.0150
12.6	0.0191
12.7	0.0204
12.74	0.0208
12.76	0.0210
12.8	0.0208
12.86	0.0196
12.90	0.0184
12.91	0.0183
12.94	0.0186
13.0	0.0222
13.05	0.0405
13.08	0.0267
13.10	0.0213
13.13	0.0184
13.16	0.0214
13.19	0.0262
13.21	0.0308
13.23	0.0221
13.24	0.0209
13.28	0.0197
13.3	0.0194
13.33	0.0191
13.36	0.0197
13.38	0.0206
13.40	0.0213
13.44	0.0220
13.48	0.0261
13.5	0.0245
13.52	0.0237
13.6	0.0251
14.0	0.0265
15.0	0.0369
16	0.0466
17	0.0500
18	0.0495
19	0.0482
20	0.0464
22	0.0418
25	0.0347
30	0.0253
35	0.0180
40	0.0132
50	0.00694
60	0.00375
70	0.00222
80	0.00141
100	0.000652
150	0.000170
175	0.000100
200	0.00