11.72	0.00
11.75	0.000202
11.77	0.000420
11.80	0.000378
11.81	0.000400
11.84	0.000660
11.88	0.000431
11.90	0.000418
11.94	0.000473
12.00	0.000579
12.10	0.000837
12.20	0.00108
12.40	0.00174
12.60	0.00248
12.70	0.00276
12.74	0.00287
12.77	0.00291
12.80	0.00292
12.86	0.00282
12.90	0.00268
12.91	0.00265
12.94	0.00272
13.0	0.00332
13.05	0.00610
13.08	0.00407
13.10	0.00327
13.13	0.00282
13.16	0.00331
13.19	0.00406
13.21	0.00477
13.23	0.00344
13.24	0.00325
13.28	0.00310
13.3	0.00305
13.33	0.00301
13.36	0.00312
13.38	0.00330
13.40	0.00341
13.44	0.00354
13.48	0.00421
13.50	0.00399
13.52	0.00385
13.6	0.00396
14.0	0.00446
15.0	0.00641
16	0.00837
17	0.0100
18	0.0103
19	0.0100
20	0.00923
22	0.00800
25	0.00650
30	0.00475
35	0.00360
40	0.00290
50	0.00200
60	0.00149
70	0.00116
80	0.000930
100	0.000656
150	0.000339
200	0.000212
300	0.000110
317	0.000100
400	0.00