11.83	0.00
11.85	0.00770
11.90	0.00630
11.94	0.00493
12.00	0.00357
12.04	0.00340
12.1	0.00400
12.2	0.00570
12.4	0.00870
12.5	0.0106
12.6	0.0125
12.65	0.0133
12.7	0.0140
12.74	0.0145
12.8	0.0154
12.9	0.0167
13.0	0.0184
13.05	0.0266
13.08	0.0186
13.1	0.0174
13.13	0.0175
13.16	0.0192
13.2	0.0278
13.23	0.0261
13.25	0.0229
13.29	0.0213
13.3	0.0218
13.4	0.0265
13.5	0.0306
13.82	0.0432
14.0	0.0505
14.25	0.0580
14.5	0.0648
15.0	0.0757
16	0.0947
17	0.114
18	0.130
19	0.142
20	0.154
22	0.172
25	0.197
30	0.233
35	0.263
40	0.288
50	0.313
60	0.318
70	0.311
80	0.296
100	0.266
150	0.197
200	0.160
300	0.119
350	0.106
400	0.0963
500	0.0822
800	0.0580
1000	0.0490
10000	0.00