11.62	0.00
11.68	0.0104
11.70	0.00736
11.74	0.00568
11.76	0.00541
11.80	0.00499
11.81	0.00494
11.85	0.00490
11.90	0.00495
11.94	0.00500
12.00	0.00520
12.04	0.00530
12.1	0.00550
12.2	0.00570
12.4	0.00730
12.5	0.00790
12.6	0.00850
12.65	0.00860
12.7	0.00880
12.74	0.00900
12.8	0.00920
12.9	0.00970
13.00	0.0103
13.05	0.0147
13.08	0.0101
13.10	0.00940
13.13	0.00840
13.16	0.0103
13.20	0.0148
13.23	0.0139
13.25	0.0122
13.29	0.0112
13.30	0.0115
13.4	0.0138
13.5	0.0158
13.82	0.0219
14.0	0.0255
14.25	0.0292
14.5	0.0322
15.0	0.0373
16	0.0449
17	0.0520
18	0.0565
19	0.0608
20	0.0658
22	0.0700
25	0.0740
30	0.0760
35	0.0770
40	0.0765
50	0.0743
60	0.0715
70	0.0685
80	0.0650
100	0.0585
150	0.0480
200	0.0410
300	0.0320
400	0.0262
500	0.0222
800	0.0156
1000	0.0131
10000	0.00