16.8688,0.0172451
20.0261,0.459194
24.9174,1.24201
29.9274,1.83112
34.9026,2.24978
39.994,2.54448
44.7659,2.65327
49.8161,2.69235
54.7855,2.68492
59.8952,2.66199
65.091,2.66227
69.4877,2.66249
75.0692,2.65501
79.6619,2.67844
84.5368,2.69413
89.7147,2.67884
94.6456,2.66353
99.8502,2.63274
109.815,2.60208
119.354,2.54042
140.148,2.44029
159.748,2.34007
179.931,2.26304
200.274,2.17048
224.241,2.09342
249.604,1.97763
274.554,1.8618
300.192,1.77693
350.437,1.62258
399.457,1.50687
447.294,1.38336
497.853,1.30628
547.588,1.22143
598.708,1.15204
650.722,1.08263
698.88,1.02866
750.603,0.974699
796.619,0.928439
845.435,0.897665
902.589,0.866912
946.606,0.820612
998.647,0.797562
